-8 -7 -8 -8
-8 -6 -8 -8
-7 -5 -7 -8
-5 -3 -6 -7
-5 -1 -4 -5
-2 0 -2 -4
0 1 0 -1
0 1 1 0
1 1 1 1
1 1 1 1
-8 -9 -9 -9
0 0 0 0
0 0 0 0
0 0 0 0
0 0 0 0
-2 0 -3 -3
0 1 0 0
1 1 0 1
1 1 1 1
0 0 0 0
-9 -9 -9 -9
0 0 0 0
-8 -7 -8 -8
-8 -5 -8 -8
-6 -3 -10 -7
0 -2 -6 -6
1 0 -1 -2
1 1 0 0
1 1 1 0
0 0 0 0
-9 -10 -10 -10
0 0 0 0
0 0 0 0
0 0 0 0
-5 -9 -9 -10
-3 -2 -7 -9
0 -1 -3 -6
0 1 0 -1
1 1 1 0
0 0 0 0
-9 -9 -10 -10
-10 -9 -10 -10
-10 -9 -10 -9
-10 -9 -10 -9
-10 -7 -9 -9
-7 -6 -8 -9
-2 -6 -5 -8
0 0 0 0
1 1 1 1
0 0 0 0
-10 -10 -11 -11
0 0 0 0
0 0 0 0
0 0 0 0
0 0 0 0
0 0 0 0
0 0 0 0
0 0 0 0
1 1 0 1
0 0 0 0
-10 -11 -11 -11
-12 -12 -12 -10
-13 -13 -13 -11
-13 -14 -13 -12
-14 -15 -14 -13
-15 -15 -15 -14
-16 -16 -16 -14
0 0 0 0
1 0 0 0
0 0 0 0
0 0 0 0
0 0 0 0
0 0 0 0
0 0 0 0
0 0 0 0
0 0 0 0
-16 -16 -17 -16
0 0 0 0
0 0 0 0
0 0 0 0
-23 -21 -23 -23
-22 -20 -22 -23
-21 -19 -21 -21
-20 -18 -20 -21
-19 -18 -19 -19
-18 -17 -18 -19
-16 -17 -17 -17
0 0 0 0
0 -1 0 0
-3 -3 -3 0
-22 -24 -24 -24
0 0 0 0
0 0 0 0
0 0 0 0
0 0 0 0
0 0 0 0
0 0 0 0
0 0 0 0
0 -2 0 0
-4 -3 -3 0
-23 -26 -25 -25
-26 -27 -26 -25
-27 -28 -27 -25
-28 -29 -28 -27
-29 -25 -29 -27
-24 -11 -23 -28
-11 -2 -13 -19
-3 0 -3 -5
0 0 0 0
-3 -2 -2 0
