-48
-28
-64
-36
-43
-53
-49
-12
-81
-44
-45
-44
-87
-69
-60
-60
-29
-91
-96
-21
-28
-34
-75
-59
-107
-42
-84
-63
-100
-133
-184
-46
-129
-132
-28
-65
-86
-67
-101
-103
-95
-65
-90
-127
-50
-109
-61
-93
-72
-80
-47
-132
-60
-95
-104
-62
-37
-83
-114
-40
-119
-103
-42
-95
-59
-86
-21
-84
-47
-40
-96
-123
-153
-88
-94
-20
-81
-109
-87
-20
-100
-16
-103
-84
-121
-68
-165
-58
-71
-28
-56
-105
-96
-108
-54
-57
-69
-109
-55
-35
-23
-8
-67
-150
-108
-90
-159
-148
-44
-61
-20
-117
-68
-127
-42
-38
-48
-41
-23
-75
-37
-26
-58
-54
-111
-12
-127
-77
-36
-123
-52
-13
-64
-121
-93
-45
-57
-86
-91
-87
-42
-66
-96
-131
-154
-19
-108
-50
-69
-58
-69
-96
-20
-115
-117
-50
-74
-129
-21
-73
-86
-22
-46
-46
-28
-84
-122
-162
-27
-21
-80
-84
-60
-59
-86
-34
-60
-146
-150
-28
-88
-13
-12
-132
-90
-37
-70
-154
-63
-44
-30
-75
-41
-42
-61
-103
-110
-108
-131
-78
-64
-95
-206
-14
-46
-25
-46
-90
-44
-36
-38
-86
-156
-177
-131
-124
-131
-111
-131
-58
-116
-41
-93
-59
-43
-28
-40
-62
-120
-59
-14
-32
-112
-7
-87
-38
-88
-65
-33
-112
-151
-108
-37
-136
-103
-80
-136
-49
-123
-110
-84
-86
-79
-151
-136
-59
-65
-108
-115
-12
-107
-40
-111
-125
-106
-43
-58
-112
-153
-54
-29
-81
-122
-16
-176
-93
-132
-80
-111
-79
-157
-59
-60
-28
-119
-65
-131
-46
-94
-124
-45
-45
-79
-35
-78
-133
-97
-81
-33
-72
-31
-80
-125
-112
-92
-68
-56
-80
-26
-82
-47
-39
-89
-96
-59
-95
-129
-128
-71
-172
-46
-125
-82
-12
-65
-106
-167
-40
-62
-95
-12
-79
-93
-94
-71
-91
-33
-36
-87
-75
-6
-175
-69
-17
-61
-56
-79
-42
-102
-42
-69
-99
-167
-98
-41
-50
-69
-94
-73
-49
-83
-129
-70
-15
-70
-35
-69
-32
-65
-30
-58
-70
-4
-89
-65
-128
-151
-90
-134
-74
-31
-90
-82
-94
-33
-50
-16
-68
-35
-21
-128
-116
-19
-57
-108
-80
-81
-104
-48
-83
-100
-70
-144
-78
-102
-52
-26
-90
-105
-25
-70
-38
-13
-76
-118
-101
-71
-76
-69
-68
-125
-127
-85
-30
-36
-38
-12
-41
-26
-65
-21
-92
-126
-64
-68
-75
-89
-67
-41
-109
-16
-86
-25
-47
-80
-139
-95
-135
-111
-83
-76
-11
-64
-28
-90
-115
-31
-97
-129
-124
-35
-73
-13
-98
-52
-31
-158
-91
-104
-60
-75
-157
-34
-117
-137
-62
-84
-148
-82
-40
-73
-61
-110
-120
-53
-25
-19
-13
-75
-128
-99
-66
-71
-62
-52
-113
-32
-63
-38
-111
-22
-117
-21
-56
-145
-129
-69
-84
-47
-45
-108
-75
-71
-82
-110
-21
-113
-95
-21
-95
-41
-30
-7
-56
-14
-85
-111
-17
-43
-13
-87
-92
-27
-70
-98
-19
-58
-33
-34
-24
-118
-25
-139
-47
-57
-88
-49
-149
-111
-112
-80
-43
-50
-27
-41
-120
-109
-25
-85
-132
-75
-67
-92
-52
-42
-40
-138
-68
-14
-84
-106
-32
-159
-58
-129
-29
-108
-74
-46
-117
-157
-57
-70
-85
-57
-102
-87
-42
-37
-106
-78
-121
-42
-40
-106
-136
-112
-79
-61
-69
-96
-80
-95
-35
-143
-50
-40
-86
-123
-91
-103
-89
-77
-72
-84
-32
-74
-19
-38
-47
-63
-79
-137
-80
-61
-46
-166
-58
-43
-79
-52
-98
-74
-34
-55
-87
-79
-82
-66
-84
-44
-162
-129
-89
-63
-45
-121
-13
-6
-136
-75
-149
-32
-122
-130
-79
-71
-127
-153
-65
-41
-47
-135
-129
-99
-31
-34
-110
-12
-51
-104
-47
-35
-68
-9
-95
-78
-18
-116
-119
-40
-16
-116
-25
-35
-88
-78
-33
-41
-32
-60
-21
-50
-30
-73
-153
-110
-98
-113
-72
-149
-38
-125
-28
-76
-38
-59
-44
-146
-130
-34
-73
-90
-12
-36
-23
-134
-67
-91
-70
-114
-95
-39
-73
-100
-97
-74
-140
-82
0
-96
-100
-36
-17
-64
-44
-119
-46
-84
-19
-64
-133
-83
-93
-79
-44
-54
-71
-90
-147
-37
-72
-69
-64
-112
-150
-51
-13
-73
-82
-78
-120
-82
-53
-134
-72
-100
-64
-46
-22
-32
-40
-4
-53
-61
-89
-119
-131
-103
-53
-122
-52
-82
-68
-35
-118
-29
-98
-41
-67
-82
-64
-128
-52
-80
-83
-63
-125
-90
-56
-106
-102
-90
-84
-48
-107
-44
-120
-98
-91
-36
-86
-81
-51
-58
-80
-29
-89
-115
-101
-78
-49
-47
-28
-55
-24
-48
-54
-127
-99
-49
-66
-123
-60
-134
-115
-63
-20
-75
-155
-49
-110
-12
-26
-84
-68
-21
-70
-148
-108
-118
-90
-159
-98
-100
-47
-122
-73
-64
-89
-13
-113
-181
-137
-99
-32
-92
-4
-68
-107
-36
-102
-135
-60
-25
-66
-136
-39
-85
-92
-53
-149
-133
-74
-33
-52
-24
-113
-111
-85
-78
-79
-36
-142
-9
-63
-80
-174
-60
-92
-101
-65
-100
-96
-109
-86
-103
-84
-124
-150
-47
-42
-63
-41
-40
-92
-65
-91
-157
-67
-49
-120
-58
-117
-101
-99
-87
-118
-118
-27
-35
-45
-137
-49
-57
-76
-100
-53
-46
-15
-156
-93
-76
-21
-81
-45
-121
-92
-153
-86
-33
-79
-30
-56
-60
-71
-123
-17
-17
-53
-31
-27
-69
-115
-93
-38
-96
-79
-55
-123
-59
-133
-115
-116
-85
-23
-17
-60
-121
-78
-29
-95
-71
-18
-59
-59
-56
-75
-54
-148
-52
-117
-113
-83
-105
-87
-143
-22
-65
-148
-44
-58
-150
-67
-37
-50
-109
-157
-75
-41
-79
-82
-95
-58
-44
-32
-94
-118
-83
-85
-53
-89
-43
-80
-129
-32
-94
-11
-141
-97
-75
-101
-121
-50
-71
-117
-94
-45
-153
-134
-16
-72
-16
-34
-164
-85
-84
-88
-73
-58
-87
-78
-57
-73
-36
-142
-100
-139
-55
-25
-125
-62
-53
-86
-59
-91
-100
-11
-63
-109
-64
-43
-172
-77
-64
-144
-95
-60
-142
-149
-90
-55
-86
-41
-59
-15
-25
-60
-82
-21
-22
-33
-65
-109
-48
-32
-23
-115
-116
-104
-115
-100
-142
-99
-93
-76
-30
-109
-35
-79
-75
-23
-134
-83
-46
-110
-53
-41
-110
-66
-78
-57
-86
-73
-62
-103
-83
-129
-98
-47
-132
-45
-88
-31
-20
-46
-67
-112
-16
-119
-39
-110
-67
-63
-95
-140
-54
-16
-130
-85
-130
-19
-81
-30
-36
-87
-112
-36
-79
-67
-102
-15
-76
-41
-132
-36
-97
-169
-21
-87
-126
-103
-71
-73
-129
-85
-113
-11
-64
-36
-72
-61
-125
-117
-69
-77
-53
-92
-142
-69
-141
-100
-11
-41
-37
-170
-79
-118
-10
-89
-56
-126
-100
-87
-94
-66
-59
-63
-160
-70
-96
-126
-32
-20
-156
-70
-82
-130
-114
-77
-12
-100
-77
-69
-33
-104
-49
-109
-112
-48
-52
-124
-84
-82
-86
-24
-33
-42
-36
-64
-94
-20
-132
-108
-78
-53
-69
-100
-23
-105
-85
-47
-88
-80
-160
-132
-74
-107
-25
-52
-42
-80
-116
-50
-87
-51
-75
-61
-150
-124
-10
-104
-62
-47
-116
-35
-40
-50
-59
-22
-73
-65
-41
-66
-82
-35
-101
-61
-79
-113
-100
-2
-47
-120
-72
-62
-48
-64
-52
-26
-14
-21
-45
-61
-82
-66
-116
-78
-32
-34
-10
-22
-58
-23
-33
-92
-47
-15
-42
-32
-105
-104
-41
-82
-176
-106
-102
-90
-66
-122
-76
-58
-134
-67
-71
-49
-99
-93
-95
-77
-60
-76
-73
-37
-57
-162
-67
-17
-96
-66
-104
-135
-41
-35
-101
-89
-98
-24
-59
-91
-68
-180
-87
-78
-73
-54
-49
-55
-69
-26
-39
-87
-119
-29
-65
-71
-34
-88
-113
-50
-34
-26
-74
-84
-29
-52
-83
-119
-91
-27
-61
-39
-76
-180
-83
-56
-66
-94
-46
-172
-102
-130
-170
-70
-36
-66
-55
-46
-106
-62
-77
-114
-92
-29
-21
-97
-29
-34
-11
-151
-8
-75
-4
-10
-123
-28
-124
-101
-50
-162
-87
-86
-55
-48
-85
-55
-112
-8
-182
-40
-46
-102
-141
-55
-74
-120
-27
-37
-120
-22
-89
-47
-125
-54
-122
-94
-10
-119
-39
-124
-31
-39
-38
-82
-76
-80
-65
-70
-112
-40
-98
-15
-65
-63
-124
-126
-33
-23
-99
-86
-13
-134
-80
-61
-109
-123
-111
-16
-111
-48
-41
-34
-61
-56
-29
-53
-87
-160
-66
-147
-79
-121
-64
-93
-111
-79
-100
-83
-137
-40
-62
-10
-72
-122
-139
-54
-33
-122
-98
-57
-83
-103
-58
-42
-77
-85
-47
-63
-163
-125
-51
-108
-57
-69
-30
-62
-51
-57
-169
-123
-72
-72
-12
-134
-107
-100
-94
-33
-48
-68
-110
-113
-38
-41
-93
-83
-28
-61
-71
-45
-12
-134
-96
-44
-30
-26
-154
-90
-129
-81
-83
-19
-67
-33
-52
-86
-41
-149
-17
-152
-95
-94
-88
-72
-90
-103
-58
-79
-60
-82
-82
-18
-70
-103
-84
-39
-83
-94
-47
-86
-98
-114
-58
-81
-102
-65
-96
-74
-73
-90
-70
-93
-64
-57
-75
-46
-13
-93
-63
-126
-75
-125
-117
-157
-51
-5
-44
-95
-107
-69
-34
-33
-37
-26
-120
-38
-36
-55
-129
-59
-46
-13
-131
-64
-103
-68
-77
-125
-49
-45
-154
-163
-45
-55
-47
-100
-60
-176
-52
-106
-59
-104
-75
-37
-64
-57
-149
-62
-122
-83
-124
-99
-36
-63
-20
-51
-69
-80
-93
-41
-30
-70
-66
-87
-29
-98
-86
-83
-103
-106
-79
-108
-49
-39
-118
-149
-126
-57
-17
-59
-77
-65
-114
-42
-160
-58
-31
-111
-75
-61
-147
-121
-78
-142
-171
-87
-18
-62
-72
-137
-115
-41
-36
-61
-51
-150
-98
-61
-49
-37
-147
-76
-130
-63
-79
-99
-76
-68
-45
-60
-68
-54
-34
-112
-29
-133
-86
-139
-118
-105
-30
-159
-87
-74
-39
-33
-63
-136
-91
-92
-90
-36
-35
-29
-83
-72
-107
-95
-96
-125
-94
-54
-86
-47
-71
-111
-88
-124
-123
-42
-92
-92
-144
-131
-95
-72
-91
-81
-39
-73
-51
-11
-127
-89
-91
-82
-27
-63
-68
-22
-100
-26
-104
-90
-126
-120
-52
-62
-71
-143
-79
-106
-86
-81
-21
-49
-110
-13
-80
-161
-63
-14
-125
-38
-49
-104
-18
-79
-58
-61
-110
-21
-39
-85
-126
-41
-99
-56
-69
-76
-71
-145
-76
-29
-49
-110
-135
-116
-8
-125
-90
-21
-73
-54
-152
-78
-85
-96
-127
-44
-68
-40
-45
-104
-32
-53
-73
-119
-60
-80
-24
-107
-50
-137
-98
-92
-30
-18
-95
-72
-135
-42
-23
-31
-82
-62
-75
-37
-76
-85
-66
-52
-81
-133
-19
-104
-29
-25
-13
-76
-97
-95
-25
-79
-109
-70
-59
-42
-28
-84
-23
-113
-55
-105
-51
-29
-89
-104
-111
-89
-49
-94
-118
-101
-129
-91
-40
-51
-51
-150
-66
-44
-140
-80
-54
-24
-19
-142
-59
-75
-33
-39
-82
-51
-53
-88
-52
-48
-85
-41
-81
-61
-60
-39
-73
-57
-13
-128
-98
-12
-85
-80
-87
-107
-126
-73
-92
-24
-53
-72
-80
-121
-68
-67
-93
-85
-58
-73
-39
-94
-43
-110
-80
-84
-59
-93
-46
-48
-80
-76
-101
-33
-25
-82
-74
-110
-83
-105
-114
-142
-154
-95
-92
-151
-27
-61
-31
-84
-60
-15
-45
-80
-92
-21
-114
-66
-68
-132
-55
-100
-123
-119
-146
-45
-104
-113
-79
-19
-68
-31
-51
-104
-47
-86
-97
-129
-66
-132
-45
-63
-18
-79
-4
-122
-96
-31
-30
-55
-17
-55
-112
-87
-118
-24
-117
-150
-74
-71
-42
-55
-108
-27
-48
-73
-14
-56
-84
-126
-66
-91
-124
-28
-40
-56
-23
-22
-17
-41
-55
-22
-71
-48
-98
-79
-50
-81
-59
-110
-57
-87
-35
-124
-72
-65
-101
-63
-110
-118
-39
-81
-48
-94
-148
-32
-61
-45
-135
-47
-41
-27
-7
-128
-106
-97
-94
-117
-55
-111
-16
-114
-88
-99
-101
-64
-42
-21
-88
-105
-17
-90
-107
-9
-87
-68
-125
-64
-89
-108
-109
-63
-39
-134
-71
-45
-87
-139
-29
-66
-75
-102
-94
-72
-61
-69
-115
-92
-26
-93
-3
-110
-93
-73
-94
-85
-52
-53
-167
-41
-20
-58
-76
-152
-56
-53
-63
-54
-19
-51
-84
-79
-84
-50
-34
-16
-19
-137
-48
-26
-68
-26
-91
-79
-71
-42
-25
-56
-81
-100
-29
-59
-34
-173
-86
-108
-35
-99
-55
-69
-118
-86
-49
-71
-30
-108
-13
-22
-12
-52
-117
-87
-48
-74
-61
-12
-76
-85
-121
-42
-60
-17
-85
-109
-56
-73
-39
-91
-126
-83
-60
-35
-84
-31
-73
-12
-66
-42
-56
-95
-38
-5
-83
-55
-9
-25
-74
-50
-118
-132
-101
-103
-54
-50
-82
-104
-48
-59
-87
-90
-117
-64
-60
-112
-14
-17
-77
-32
-103
-88
-51
-32
-102
-36
-86
-102
-59
-25
-47
-15
-79
-85
-49
-78
-14
-128
-41
-30
-91
-67
-22
-34
-102
-89
-94
-107
-68
-63
-46
-28
-57
-70
-29
-1
-67
-97
-27
-192
-89
-59
-32
-132
-86
-79
-75
-76
-88
-46
-25
-74
-23
-169
-66
-68
-131
-49
-24
-24
-77
-116
-39
-24
-89
-72
-110
-38
-39
-68
-117
-154
-110
-45
-99
-104
-121
-124
-56
-61
-133
-114
-75
-113
-74
-76
-130
-96
-34
-52
-90
-23
-12
-71
-110
-81
-82
-57
-38
-134
-44
-83
-37
-124
-61
-99
-116
-14
-75
-94
-127
-107
-127
-93
-57
-29
-58
-133
-100
-111
-96
-87
-37
-12
-62
-88
-101
-31
-132
-38
-27
-52
-89
-105
-41
-87
-32
-95
-10
-90
-139
-142
-88
-72
-50
-99
-128
-142
-107
-67
-150
-72
-102
-55
-27
-24
-129
-96
-26
-74
-23
-134
-70
-104
-130
-158
-85
-135
-149
-136
-52
-26
-24
-32
-108
-114
-89
-79
-53
-71
-16
-118
-41
-157
-77
-49
-51
-137
-76
-125
-96
-40
-88
-92
-115
-132
-174
-68
-57
-104
-102
-81
-157
-10
-36
-134
-78
-58
-71
-175
-84
-107
-33
-42
-18
-104
-87
-21
-49
-53
-124
-97
-96
-68
-130
-96
-97
-62
-8
-73
-62
-142
-85
-105
-104
-78
-126
-7
-193
-35
-55
-54
-18
-146
-28
-130
-30
-5
-9
-26
-40
-68
-147
-28
-80
-28
-136
-58
-60
-136
-107
-168
-63
-16
-153
-47
-53
-66
-151
-77
-95
-94
-64
-89
-66
-29
-94
-89
-87
-109
-58
-90
-110
-173
-93
-67
-40
-138
-63
-20
-116
-166
-39
-68
-34
-85
-85
-58
-58
-94
-119
-88
-41
-25
-123
-46
-61
-75
-135
-54
-14
-151
-146
-90
-93
-21
-82
-30
-110
-41
-30
-61
-109
-65
-111
-96
-28
-111
-112
-52
-194
-31
-77
-33
-157
-106
-80
-102
-18
-41
-84
-60
-60
-8
-99
-77
-29
-107
-38
-65
-36
-84
-82
-20
-59
-59
-60
-53
-124
-39
-86
-55
-78
-66
-12
-79
-114
-77
-90
-33
-136
-120
-76
-67
-115
-41
-135
-127
-63
-32
-77
-62
-118
-82
-53
-46
-52
-64
-69
-47
-98
-62
-91
-40
-85
-62
-19
-28
-63
-82
-145
-56
-112
-80
-90
-27
-70
-34
-113
-73
-62
-60
-134
-22
-45
-76
-97
-27
-62
-123
-43
-100
-89
-18
-90
-37
-23
-38
-39
-146
-57
-31
-24
-83
-114
-159
-71
-22
-74
-68
-29
-148
-80
-49
-106
-20
-47
-17
-61
-112
-105
-57
-78
-50
-68
-66
-101
-55
-44
-54
-36
-127
-123
-94
-4
-47
-78
-51
-85
-75
-18
-34
-90
-82
-46
-22
-48
-58
-108
-82
-31
-103
-34
-146
-77
-90
-92
-19
-37
-120
-57
-11
-28
-109
-93
-93
-112
-151
-87
-36
-62
-65
-59
-54
-45
-135
-63
-80
-75
-74
-68
-62
-122
-45
-47
-62
-70
-106
-106
-86
-10
-43
-94
-78
-107
-60
-24
-125
-73
-61
-133
-119
-97
-91
-63
-86
-90
-75
-33
-138
-150
-115
-147
-91
-31
-78
-38
-65
-76
-70
-81
-115
-155
-42
-115
-56
-16
-37
-50
-82
-70
-91
-98
-145
-44
-24
-86
-31
-88
-36
-23
-70
-62
-63
-87
-38
-102
-42
-105
-24
-28
-50
-58
-50
-40
-68
-33
-87
-103
-51
-114
-29
-70
-88
-37
-62
-134
-110
-46
-63
-83
-96
-85
-148
-75
-46
-53
-24
-40
-40
-100
-87
-26
-9
-48
-146
-41
-71
-27
-44
-36
-49
-161
-113
-78
-40
-72
-73
-92
-23
-25
-96
-81
-17
-91
-98
-56
-79
-102
-16
-85
-19
-27
-75
-74
-91
-43
-92
-60
-51
-59
-47
-122
-141
-55
-18
-76
-89
-49
-138
-14
-67
-88
-101
-61
-9
-58
-102
-51
-29
-32
-132
-61
-113
-111
-10
-60
-118
-24
-70
-94
-34
-91
-142
-72
-106
0
-70
-153
-122
-21
-44
-36
-88
-92
-96
