-49
-76
-37
-28
-38
-28
-31
-94
-87
-16
-57
-71
-115
-26
-44
-69
-110
-39
-55
-129
-30
-107
-39
-124
-126
-115
-90
-56
-66
-61
-64
-128
-49
-110
-35
-121
-111
-112
-36
-81
-74
-49
-80
-122
-106
-128
-13
-149
-42
-116
-133
-64
-30
-47
-77
-94
-13
-116
-100
-100
-94
-56
-53
-70
-36
-68
-21
-108
-125
-85
-119
-3
-33
-118
-58
-67
-54
-82
-97
-86
-106
-30
-34
-11
-116
-78
-35
-63
-97
-88
-147
-63
-69
-51
-107
-26
-187
-86
-81
-46
-45
-45
-89
-89
-34
-173
-77
-99
-74
-66
-130
-41
-55
-101
-86
-60
-33
-117
-135
-93
-28
-37
-47
-71
-111
-85
-100
-97
-105
-51
-143
-102
-38
-72
-48
-134
-67
-18
-73
-92
-92
-94
-29
-33
-145
-116
-132
-86
-18
-23
-120
-147
-79
-37
-98
-39
-132
-79
-62
-20
-108
-80
-64
-49
-36
-58
-54
-57
-71
-51
-91
-70
-90
-78
-83
-115
-115
-56
-34
-36
-18
-20
-77
-35
-56
-40
-100
-82
-153
-102
-90
-43
-68
-102
-48
-41
-11
-91
-109
-21
-72
-73
-48
-27
-135
-58
-69
-82
-39
-74
-9
-83
-54
-84
-18
-110
-70
-27
-33
-51
-82
-51
-80
-90
-26
-35
-134
-28
-61
-84
-55
-113
-83
-121
-125
-162
-26
-155
-123
-50
-194
-156
-150
-62
-61
-100
-104
-82
-150
-62
-117
-24
-62
-117
-51
-80
-77
-25
-48
-145
-8
-103
-145
-47
-30
-6
-86
-69
-41
-135
-91
-89
-83
-52
-5
-105
-55
-82
-80
-112
-58
-169
-22
-64
-59
-47
-11
-18
-145
-180
-98
-28
-50
-13
-174
-82
-73
-61
-67
-47
-115
-90
-38
-33
-39
-26
-92
-23
-73
-16
-144
-32
-95
-35
-57
-106
-47
-50
-75
-96
-92
-50
-87
-21
-75
-107
-61
-46
-109
-80
-98
-103
-64
-136
-74
-24
-49
-45
-13
-114
-125
-91
-51
-121
-10
-33
-45
-55
-62
-92
-39
-45
-122
-63
-41
-31
-59
-119
-89
-118
-24
-101
-74
-19
-63
-106
-119
-47
-97
-111
-79
-43
-58
-127
-101
-10
-25
-61
-35
-79
-147
-45
-49
-29
-112
-9
-77
-113
-149
-25
-55
-155
-9
-63
-94
-111
-87
-124
-44
-68
-97
-153
-40
-106
-111
-104
-122
-37
-106
-26
-49
-157
-44
-62
-47
-20
-94
-60
-134
-123
-48
-28
-28
-36
-38
-68
-76
-43
-64
-145
-97
-42
-59
-155
-164
-105
-61
-97
-145
-129
-85
-150
-92
-137
-85
-88
-89
-27
-85
-128
-100
-97
-156
-57
-102
-41
-128
-62
-97
-59
-135
-58
-81
-36
-122
-75
-76
-68
-67
-135
-66
-44
-109
-107
-93
-34
-80
-20
-70
-58
-31
-18
-46
-57
-59
-32
-116
-52
-65
-89
-158
-90
-44
-49
-37
-121
-46
-11
-149
-124
-120
-49
-77
-125
-102
-71
-109
-89
-106
-53
-27
-138
-83
-51
-112
-75
-56
-51
-112
-82
-105
-65
-17
-105
-98
-72
-89
-61
-75
-126
-17
-56
-117
-58
-141
-93
-15
-61
-51
-39
-32
-102
-58
-69
-109
-81
-30
-102
-3
-54
-25
-63
-64
-35
-124
-108
-59
-85
-73
-94
-38
-52
-42
-143
-111
-91
-45
-35
-82
-57
-106
-72
-70
-75
-89
-66
-32
-57
-140
-91
-95
-60
-11
-100
-80
-77
-49
-117
-57
-86
-127
-74
-68
-113
-37
-114
-84
-35
-50
-135
-51
-167
-82
-52
-49
-29
-49
-46
-104
-97
-93
-22
-87
-56
-55
-36
-14
-141
-81
-20
-28
-64
-38
-32
-23
-73
-144
-54
-16
-76
-20
-12
-93
-44
-51
-68
-45
-100
-96
-123
-52
-59
-27
-13
-127
-27
-91
-11
-22
-60
-80
-54
-73
-75
-27
-63
-62
-114
-31
-46
-72
-143
-189
-23
-70
-42
-69
-62
-64
-49
-25
-124
-45
-132
-104
-19
-105
-88
-50
-122
-66
-102
-75
-79
-62
-46
-90
-91
-99
-74
-41
-43
-38
-12
-102
-127
-104
-65
-87
-140
-140
-34
-79
-112
-145
-113
-101
-101
-62
-35
-72
-63
-23
-104
-39
-98
-112
-74
-28
-54
-123
-109
-47
-66
-128
-95
-119
-52
-33
-67
-61
-12
-112
-23
-130
-35
-38
-95
-93
-140
-23
-25
-89
-193
-99
-120
-26
-91
-24
-97
-99
-138
-63
-57
-175
-53
-139
-51
-59
-164
-138
-123
-66
-85
-67
-28
-100
-84
-87
-108
-87
-115
-9
-86
-61
-119
-127
-81
-45
-80
-78
-155
-46
-111
-135
-37
-87
-33
-82
-39
-44
-72
-135
-117
-90
-149
-15
-52
-87
-3
-40
-56
-68
-111
-87
-100
-81
-73
-57
-80
-100
-56
-122
-31
-74
-98
-127
-156
-105
-91
-56
-111
-62
-43
-47
-15
-29
-39
-41
-45
-71
-52
-105
-100
-96
-68
-29
-11
-94
-62
-56
-49
-114
-54
-33
-78
-103
-128
-19
-74
-60
-4
-122
-36
-84
-45
-111
-31
-40
-64
-38
-123
-106
-58
-106
-161
-45
-27
-26
-62
-74
-64
-93
-100
-53
-106
-67
-42
-70
-92
-54
-101
-46
-83
-68
-115
-21
-146
-36
-132
-99
-15
-73
-97
-88
-163
-97
-83
-64
-86
-99
-104
-44
-35
-63
-53
-48
-82
-44
-112
-55
-162
-8
-66
-101
-50
-77
-119
-125
-111
-70
-101
-90
-65
-161
-47
-18
-79
-29
-19
-39
-43
-122
-67
-54
-122
-151
-72
-84
-61
-21
-47
-21
-127
-50
-35
-133
-46
-28
-25
-18
-53
-62
-102
-105
-66
-21
-78
-39
-166
-122
-29
-91
-10
-79
-83
-105
-44
-102
-74
-35
-82
-21
-64
-131
-58
-85
-54
-42
-95
-8
-37
-64
-107
-126
-21
-106
-18
-64
-159
-97
-95
-48
-98
-115
-103
-62
-44
-93
-65
-95
-99
-110
-45
-138
-27
-124
-70
-61
-69
-75
-109
-88
-66
-70
-67
-100
-86
-140
-89
-35
-125
-96
-40
-29
-11
-37
-66
-42
-47
-90
-29
-129
-10
-102
-71
-118
-80
-121
-69
-136
-44
-57
-66
-79
-37
-100
-109
-45
-112
-36
-44
-104
-40
-123
-38
-121
-161
-156
-182
-48
-71
-58
-67
-56
-54
-162
-53
-48
-89
-114
-140
-63
-45
-72
-21
-60
-21
-138
-45
-22
-143
-44
-125
-90
-69
-22
-71
-100
-115
-135
-110
-45
-93
-65
-52
-112
-29
-77
-180
-180
-106
-117
-47
-70
-129
-57
-53
-51
-86
-37
-19
-44
-141
-62
-86
-88
-36
-90
-73
-100
-148
-43
-116
-48
-141
-111
-74
-136
-95
-58
-73
-91
-168
-77
-42
-60
-114
-52
-98
-144
-62
-131
-154
-50
-77
-36
-153
-108
-92
-103
-98
-26
-166
-27
-88
-144
-55
-165
-159
-77
-53
-60
-58
-40
-72
-60
-58
-65
-50
-50
-145
-87
-129
-68
-91
-104
-39
-83
-159
-54
-113
-42
-125
-27
-86
-32
-91
-107
-29
-112
-74
-29
-74
-94
-61
-85
-106
-98
-73
-113
-87
-119
-43
-33
-106
-86
-24
-92
-128
-87
-43
-50
-53
-40
-80
-104
-80
-58
-120
-79
-39
-41
-70
-98
-89
-70
-24
-41
-41
-88
-87
-28
-133
-59
-112
-62
-56
-103
-11
-81
-36
-58
-19
-71
-38
-71
-124
-70
-44
-69
-45
-153
-23
-47
-48
-92
-117
-120
-11
-87
-109
-31
-30
-30
-73
-126
-113
-102
-45
-48
-86
-45
-178
-16
-54
-116
-57
-101
-55
-37
-68
-99
-86
-157
-22
-64
-124
-46
-117
-26
-73
-56
-65
-19
-113
-46
-93
-43
-30
-84
-40
-8
-38
-41
-57
-134
-68
-137
-26
-139
-18
-47
-70
-91
-120
-47
-65
-15
-81
-52
-35
-89
-90
-47
-27
-41
-6
-55
-41
-95
-26
-86
-61
-35
-131
-107
-115
-97
-138
-77
-91
-11
-65
-118
-36
-73
-33
-70
-18
-61
-109
-15
-92
-29
-61
-161
-14
-23
-26
-134
-80
-110
-8
-86
-82
-67
-70
-148
-140
-84
-119
-49
-115
-57
-102
-60
-93
-99
-45
-27
-58
-92
-86
-114
-18
-77
-95
-48
-29
-60
-107
-5
-76
-108
-55
-87
-92
-73
-59
-122
-26
-94
-118
-97
-100
-27
-153
-88
-28
-22
-96
-65
-51
-49
-66
-103
-130
-15
-84
-78
-106
-34
-30
-64
-36
-65
-111
-123
-55
-96
-42
-85
-86
-40
-99
-178
-138
-40
-104
-92
-116
-60
-114
-93
-41
-56
-55
-108
-59
-57
-43
-105
-46
-125
-138
-93
-84
-71
-121
-147
-186
-40
-67
-84
-96
-180
-20
-113
-114
-56
-61
-32
-105
-76
-55
-151
-37
-86
-57
-54
-71
-67
-92
-41
-37
-131
-61
-140
-88
-76
-56
-102
-124
-28
-18
-96
-150
-30
-120
-37
-71
-53
-132
-61
-151
-51
-83
-57
-138
-16
-45
-88
-99
-112
-99
-95
-69
-23
-48
-13
-44
-51
-81
-36
-82
-106
-79
-65
-128
-71
-30
-9
-30
-29
-89
-36
-38
-44
-69
-61
-77
-42
-65
-70
-38
-78
-19
-59
-131
-82
-40
-80
-151
-69
-175
-99
-99
-67
-50
-70
-36
-156
-76
-53
-75
-44
-80
-60
-71
-119
-102
-113
-106
-49
-20
-46
-124
-119
-144
-59
-54
-80
-68
-39
-44
-92
-68
-32
-52
-52
-81
-67
-51
-42
-29
-50
-21
-29
-112
-161
-54
-39
-98
-81
-32
-14
-28
-88
-120
-170
-43
-14
-87
-57
-74
-97
-95
-86
-22
-55
-102
-77
-151
-98
-39
-27
-131
-138
-94
-127
-78
-98
-80
-32
-40
-64
-135
-68
-51
-30
-11
-158
-89
-58
-19
-65
-115
-83
-161
-48
-10
-59
-54
-9
-81
-117
-50
-78
-77
-94
-85
-37
-97
-78
-76
-22
-116
-77
-90
-147
-63
-92
-108
-114
-81
-35
-42
-61
-64
-72
-157
-42
-33
-16
-60
-148
-112
-80
-115
-13
-140
-132
-111
-40
-57
-21
-77
-10
-55
-14
-91
-46
-70
-106
-119
-128
-90
-78
-136
-103
-13
-66
-90
-35
-23
-73
-78
-57
-68
-56
-150
-90
-76
-23
-67
-76
-50
-65
-104
-98
-30
-45
-16
-37
-54
-61
-133
-78
-56
-55
-55
-22
-28
-95
-55
-100
-33
-129
-113
-47
-93
-61
-90
-57
-24
-13
-37
-19
-68
-70
-50
-86
-72
-44
-81
-38
-60
-121
-52
-72
-36
-80
-47
-20
-48
-160
-22
-99
-52
-20
-72
-72
-112
-106
-23
-50
-102
-101
-83
-104
-45
-53
-127
-88
-34
-17
-133
-38
-29
-111
-56
-74
-46
-95
-88
-90
-88
-68
-62
-64
-96
-81
-24
-48
-99
-25
-81
-140
-68
-85
-81
-90
-37
-94
-46
-22
-95
-138
-129
-104
-59
-13
-58
-54
-77
-46
-68
-103
-62
-94
-144
-131
-15
-127
-69
-53
-123
-64
-10
-22
-130
-16
-87
-67
-83
-112
-101
-47
-61
-135
-55
-106
-136
-54
-54
-147
-8
-49
-69
-61
-16
-126
-88
-77
-17
-152
-76
-134
-142
-122
-116
-78
-50
-101
-166
-35
-78
-35
-56
-80
-40
-64
-69
-79
-70
-116
-68
-101
-18
-53
-71
-71
-63
-110
-26
-10
-40
-79
-109
-56
-39
-113
-91
-62
-194
-50
-132
-131
-130
-106
-94
-36
-110
-79
-30
-64
-124
-40
-116
-173
-114
-55
-101
-23
-74
-146
-75
-139
-106
-40
-130
-49
-124
-15
-63
-174
-145
-35
-37
-25
-129
-38
-114
-63
-140
-161
-48
-64
-12
-35
-76
-13
-44
-51
-23
-71
-110
-62
-71
-100
-18
-86
-73
-65
-19
-135
-50
-93
-31
-121
-47
-93
-8
-102
-90
-31
-154
-126
-80
-148
-110
-106
-43
-66
-81
-89
-58
-51
-19
-68
-84
-164
-31
-100
-38
-99
-53
-145
-63
-47
-99
-41
-81
-97
-41
-117
-59
-54
-85
-128
-75
-21
-18
-115
-22
-60
-83
-79
-142
-86
-138
-27
-32
-81
-64
-20
-128
-21
-33
-71
-54
-123
-78
-27
-114
-97
-84
-42
-152
-86
-70
-61
-113
-32
-73
-32
-106
-63
-30
-109
-66
-13
-79
-46
-21
-64
-117
-18
-71
-91
-8
-66
-115
-130
-119
-42
-96
-65
-133
-161
-58
-49
-146
-79
-34
-70
-62
-103
-71
-46
-3
-64
-127
-67
-121
-35
-61
-107
-93
-96
-100
-37
-68
-93
-146
-138
-57
-39
-155
-78
-35
-65
-106
-93
-19
-62
-37
-72
-35
-155
-109
-106
-49
-49
-52
-124
-53
-116
-64
-22
-58
-141
-42
-50
-95
-43
-62
-135
-70
-60
-112
-56
-88
-37
-115
-121
-54
-44
-18
-111
-175
-27
-105
-192
-77
-20
-78
-28
-107
-66
-91
-69
-28
-61
-44
-68
-65
-138
-44
-104
-137
-93
-47
-45
-7
-42
-80
-54
-72
-137
-73
-57
-70
-120
-35
-153
-26
-80
-118
-14
-83
-61
-44
-125
-64
-43
-54
-49
-88
-36
-91
-92
-44
-87
-91
-23
-66
-51
-84
-121
-53
-41
-103
-98
-94
-7
-28
-21
-127
-24
-74
-23
-17
-21
-37
-58
-111
-67
-33
-31
-134
-121
-115
-99
-78
-45
-5
-74
-88
-38
-115
-79
-54
-63
-27
-6
-52
-163
-76
-32
-70
-101
-26
-138
-165
-12
-19
-80
-133
-15
-98
-95
-113
-91
-79
-130
-59
-55
-81
-53
-102
-129
-102
-96
-82
-66
-59
-82
-75
-28
-17
-58
-96
-128
-95
-65
-116
-81
-137
-53
-148
-74
-107
-49
-116
-72
-75
-37
-44
-119
-106
-121
-82
-96
-20
-14
-108
-113
-63
-56
-90
-162
-45
-124
-48
-49
-66
-99
-33
-55
-123
-83
-122
-64
-125
-89
-145
-76
-45
-96
-68
-12
-74
-34
-118
-28
-51
-46
-61
-44
-121
-37
-32
-66
-38
-57
-50
-58
-100
-25
-62
-83
-56
-47
-43
-113
-94
-18
-66
-52
-21
-124
-36
-40
-65
-139
-89
-103
-19
-45
-70
-45
-94
-50
-4
-60
-51
-142
-30
-23
-83
-83
-117
-108
-107
-126
-112
-94
-122
-64
-107
-114
-49
-40
-117
-108
-23
-58
-69
-107
-51
-52
-12
-61
-29
-77
-46
-68
-55
-89
-16
-146
-109
-55
-109
-81
-91
-80
-100
-50
-62
-26
-51
-94
-63
-15
-137
-139
-23
-43
-88
-106
-27
-52
-101
-33
-50
-29
-35
-88
-112
-72
-27
-67
-64
-85
-76
-33
-78
-77
-134
-55
-85
-79
-73
-45
-62
-103
-134
-87
-33
-71
-78
-84
-76
-70
-116
-79
-94
-118
-86
-111
-86
-69
-97
-21
-71
-22
-126
-74
-77
-44
-48
-26
-83
-39
-43
-11
-173
-122
-112
-83
-42
-65
-38
-110
-25
-45
-25
-15
-115
-75
-74
-28
-72
-19
-25
-64
-44
-20
-33
-82
-97
-64
-65
-58
-70
-73
-68
-64
-115
-31
-156
-130
-143
-102
-71
-53
-46
-76
-64
-96
-126
-69
-37
-100
-91
-64
-63
-46
-40
-11
-183
-81
-74
-127
-94
-102
-83
-12
-38
-76
-43
-43
-157
-30
-125
-45
-17
-15
-19
-27
-37
-77
-141
-87
-43
-42
-12
-101
-60
-50
-63
-42
-48
-75
-98
-129
-127
-107
-68
-37
-75
-27
-84
-59
-168
-112
-41
-33
-118
-131
-54
-13
-40
-29
-126
-94
-28
-24
-108
-86
-83
-51
-57
-66
-28
-7
-69
-73
-58
-34
-76
-98
-85
-32
-29
-30
-34
-63
-85
-13
-50
-111
-9
-63
-92
-65
-39
-63
-46
-105
-76
-68
-71
-7
-50
-91
-28
-63
-51
-33
-20
-123
-55
-33
-33
-97
-16
-51
-88
-119
-65
-87
-9
-53
-138
-63
-26
-28
-137
-54
-96
-27
-130
-39
-32
-56
-41
-80
-40
-47
-187
-113
-126
-97
-61
-78
-134
-68
-86
-42
-57
-124
-27
-64
-104
-34
-30
-153
-130
-122
-166
-119
-71
-54
-94
-93
-54
-164
-55
-22
-166
-101
-122
-77
-53
-66
-48
-28
-129
-55
-73
-65
-41
-29
-64
-64
-88
-147
-75
-88
-53
-4
-92
-33
-32
-116
-37
-161
-99
-87
-69
-135
-37
-38
-12
-48
-46
-24
-116
-116
-71
-112
-59
-86
-70
-32
-47
-80
-43
-122
-64
-162
-58
-87
-107
-71
-37
-119
-65
-49
-89
-35
-102
-63
-131
-90
-47
-62
-54
-67
-81
-54
-61
-144
-47
-84
-111
-128
-108
-16
-62
-18
-43
-116
-53
-100
-104
-69
-49
-124
-19
-126
-55
-71
-147
-57
-72
-108
-137
-75
-102
-77
-96
-65
-84
-93
-103
-137
-111
-66
-145
-9
-134
-56
-106
-59
-28
-67
-46
-83
-81
-13
-43
-90
-48
-88
-70
-107
-33
-27
-63
-99
-72
-33
-113
-81
-31
-69
-4
-111
-26
-51
-125
-35
-70
-48
-93
-139
-181
-103
-91
-33
-110
-126
-93
-89
-92
-20
-65
-109
-32
-69
-72
-66
-33
-112
-38
-10
-68
-24
-25
-83
-57
-62
-75
-94
-40
-110
-75
-38
-126
-16
-89
-112
-112
-84
-115
-25
-18
-25
-102
-45
-89
-21
-60
-165
-119
-170
-69
-98
-43
-86
-78
-30
-35
-42
-47
-67
-93
-115
-78
-21
-112
-42
-109
-33
-93
-169
-62
-52
-113
-59
-83
-120
-42
-130
-48
-53
-54
-67
-64
-99
-80
-47
-154
-53
-88
-61
-21
-45
-202
-71
-19
-70
-145
-99
-48
-65
-8
-39
-75
-89
-115
-91
-91
-126
-22
-87
-31
-141
-105
-40
-99
-111
-105
-147
-105
-17
-42
-95
-120
-121
-36
-106
-73
-128
-65
-165
-25
-124
-74
-29
-118
-68
-68
-78
-37
-154
-93
-66
-100
-81
-127
-74
-111
-47
-70
-42
-43
-48
-46
-24
-127
-154
-40
-168
-80
-92
-108
-123
-102
-46
-170
-132
-48
-63
-57
-72
-69
