-5 -4 -4 -5
-5 -4 -5 -4
-5 -4 -5 -4
-5 -4 -5 -4
-4 -4 -4 -4
-4 -3 -4 -4
-4 -3 -4 -4
-3 -1 -2 -3
-2 0 -1 -3
0 0 1 -1
-4 -4 -4 -5
0 0 0 0
0 0 0 0
0 0 0 0
0 0 0 0
-4 -4 -5 -4
-3 -3 -5 -4
-2 -2 -6 -3
-1 1 -5 -4
0 0 0 0
-4 -4 -4 -4
0 0 0 0
-7 -6 -7 -7
-7 -6 -7 -6
-6 -5 -8 -6
-4 -5 -8 -6
-4 -6 -7 -5
-3 -4 -8 -5
0 -4 -6 -7
0 0 0 0
-4 -4 -4 -4
0 0 0 0
0 0 0 0
0 0 0 0
-6 -9 -7 -9
-6 -7 -7 -9
-6 -8 -7 -8
-7 -6 -8 -7
-5 -6 -7 -8
0 0 0 0
-4 -5 -4 -5
-5 -5 -5 -4
-5 -6 -6 -5
-7 -7 -7 -5
-9 -7 -7 -6
-8 -7 -7 -7
-7 -7 -7 -7
0 0 0 0
-6 -7 -8 -7
0 0 0 0
-4 -4 -4 -5
0 0 0 0
0 0 0 0
0 0 0 0
0 0 0 0
0 0 0 0
0 0 0 0
0 0 0 0
-7 -9 -11 -9
0 0 0 0
-4 -4 -5 -4
-5 -4 -5 -4
-5 -4 -5 -4
-5 -4 -5 -4
-5 -4 -5 -4
-5 -4 -5 -4
-5 -5 -4 -4
0 0 0 0
-9 -11 -10 -11
0 0 0 0
0 0 0 0
0 0 0 0
0 0 0 0
0 0 0 0
0 0 0 0
0 0 0 0
-4 -5 -4 -5
0 0 0 0
-11 -11 -10 -10
0 0 0 0
-5 -4 -4 -5
-5 -4 -5 -4
-5 -4 -5 -4
-5 -4 -5 -4
-5 -4 -5 -4
-5 -4 -5 -4
-4 -5 -5 -4
0 0 0 0
-10 -13 -9 -11
-13 -13 -12 -10
-4 -5 -4 -5
0 0 0 0
0 0 0 0
0 0 0 0
0 0 0 0
0 0 0 0
0 0 0 0
0 0 0 0
-10 -11 -8 -10
-13 -11 -9 -10
-4 -4 -5 -5
-5 -5 -5 -4
-5 -5 -5 -5
-5 -5 -5 -5
-5 -5 -5 -5
-5 -6 -6 -5
-6 -6 -6 -5
-7 -7 -7 -5
-9 -9 -8 -6
-11 -9 -9 -8
