-159
-47
-100
-116
-171
-131
-113
-181
-31
-97
-125
-94
-167
-61
-103
-163
-94
-135
-126
-158
-114
-31
-75
-175
-80
-75
-117
-77
-80
-147
-78
-87
-143
-71
-125
-144
-79
-122
-63
-36
-157
-101
-143
-26
-149
-172
-140
-63
-127
-144
-95
-134
-152
-70
-83
-102
-76
-107
-131
-130
-51
-172
-28
-127
-84
-58
-51
-58
-108
-176
-164
-148
-129
-46
-99
-40
-133
-67
-115
-31
-80
-75
-135
-138
-94
-72
-102
-108
-58
-75
-131
-146
-55
-160
-79
-126
-145
-163
-171
-179
-73
-136
-39
-76
-81
-29
-120
-140
-110
-172
-87
-149
-85
-145
-59
-140
-84
-29
-127
-93
-135
-148
-15
-154
-114
-146
-219
-157
-185
-73
-113
-112
-85
-68
-87
-118
-76
-111
-82
-114
-123
-101
-45
-63
-140
-85
-199
-90
-60
-88
-71
-126
-64
-73
-119
-76
-112
-87
-80
-70
-172
-147
-122
-127
-93
-142
-145
-105
-162
-76
-135
-90
-146
-151
-77
-62
-196
-72
-100
-160
-138
-93
-146
-87
-85
-68
-41
-183
-102
-147
-129
-89
-96
-39
-134
-133
-162
-110
-122
-88
-74
-71
-140
-78
-140
-112
-76
-66
-162
-175
-104
-149
-97
-164
-101
-97
-48
-188
-94
-228
-150
-161
-145
-120
-126
-121
-106
-116
-58
-109
-100
-99
-106
-49
-133
-43
-172
-78
-141
-90
-164
-92
-119
-94
-148
-41
-152
-83
-103
-148
-74
-75
-148
-63
-154
-151
-170
-156
-81
-178
-117
-105
-192
-105
-81
-97
-164
-91
-126
-139
-104
-88
-37
-120
-92
-141
-64
-159
-74
-100
-78
-167
-110
-135
-78
-107
-34
-126
-112
-108
-156
-93
-112
-101
-176
-23
-129
-171
-107
-110
-120
-131
-103
-105
-120
-68
-70
-132
-50
-104
-36
-88
-120
-97
-157
-123
-155
-108
-106
-29
-106
-37
-43
-88
-143
-97
-114
-129
-135
-94
-16
-79
-93
-67
-48
-91
-143
-139
-71
-56
-112
-158
-137
-117
-90
-38
-76
-105
-42
-118
-104
-108
-129
-129
-154
-64
-84
-119
-155
-141
-91
-93
-68
-98
-168
-73
-74
-75
-112
-19
-130
-106
-193
-104
-101
-44
-115
-143
-10
-168
-74
-158
-154
-87
-88
-107
-102
-140
-123
-111
-118
-148
-165
-134
-122
-75
-158
-107
-89
-13
-93
-71
-138
-149
-81
-101
-141
-87
-56
-102
-107
-117
-58
-126
-103
-87
-93
-90
-37
-70
-82
-109
-132
-147
-105
-102
-90
-94
-131
-144
-188
-90
-118
-115
-106
-132
-100
-148
-182
-111
-77
-116
-163
-125
-105
-90
-183
-72
-81
-52
-32
-79
-178
-131
-94
-83
-67
-130
-141
-57
-199
-134
-123
-124
-47
-78
-89
-86
-84
-155
-165
-185
-111
-133
-124
-195
-83
-178
-72
-98
-75
-87
-160
-136
-99
-89
-111
-190
-78
-69
-98
-120
-104
-73
-123
-41
-80
-14
-84
-40
-23
-121
-11
-88
-123
-153
-14
-97
-77
-123
-152
-25
-95
-176
-84
-117
-98
-101
-81
-96
-102
-82
-75
-75
-31
-170
-111
-111
-115
-78
-103
-29
-82
-136
-113
-49
-178
-129
-124
-201
-87
-160
-118
-166
-87
-106
-81
-105
-94
-14
-46
-82
-116
-88
-53
-124
-29
-82
-133
-118
-205
-114
-89
-205
-133
-99
-207
-105
-90
-75
-78
-173
-33
-93
-138
-148
-104
-94
-85
-47
-82
-142
-113
-152
-94
-108
-82
-85
-77
-61
-125
-97
-43
-67
-165
-158
-120
-97
-56
-169
-172
-74
-86
-119
-83
-160
-123
-95
-112
-167
-85
-93
-86
-123
-155
-173
-54
-175
-112
-132
-145
-125
-127
-172
-72
-73
-167
-93
-80
-108
-110
-124
-75
-117
-112
-183
-173
-111
-143
-119
-140
-141
-110
-71
-86
-120
-147
-73
-44
-91
-100
-133
-37
-93
-56
-111
-75
-59
-105
-131
-75
-122
-81
-64
-79
-100
-73
-91
-77
-75
-122
-14
-159
-116
-137
-95
-69
-127
-146
-82
-58
-41
-72
-79
-70
-92
-144
-87
-133
-106
-120
-96
-82
-129
-149
-106
-63
-117
-100
-133
-152
-131
-101
-90
-142
-118
-118
-134
-146
-33
-112
-66
-70
-82
-105
-32
-96
-83
-79
-129
-11
-26
-97
-74
-140
-77
-109
-193
-119
-88
-119
-32
-160
-125
-107
-69
-82
-118
-77
-133
-153
-139
-131
-204
-77
-105
-3
-120
-206
-100
-138
-101
-90
-51
-79
-104
-111
-79
-66
-74
-93
-89
-120
-98
-36
-176
-89
-80
-171
-82
-83
-145
-139
-25
-142
-119
-181
-65
-125
-83
-44
-45
-118
-91
-113
-141
-6
-79
-76
-71
-107
-81
-132
-115
-169
-162
-124
-108
-103
-97
-104
-186
-90
-172
-50
-130
-101
-11
-131
-133
-78
-112
-89
-81
-114
-106
-92
-182
-130
-76
-77
-87
-119
-108
-134
-133
-11
-82
-145
-183
-70
-94
-108
-134
-185
-69
-76
-75
-117
-125
-82
-99
-105
-42
-213
-82
-99
-134
-104
-130
-139
-124
-152
-82
-73
-123
-103
-91
-164
-87
-29
-89
-73
-32
-166
-126
-131
-38
-142
-131
-120
-163
-17
-82
-108
-135
-117
-95
-72
-135
-91
-11
-84
-190
-157
-164
-85
-91
-227
-51
-135
-128
-29
-111
-78
-135
-115
-101
-105
-171
-84
-147
-96
-77
-77
-84
-116
-93
-79
-91
-73
-162
-86
-121
-75
-110
-104
-78
-171
-27
-154
-148
-85
-23
-127
-197
-78
-166
-48
-125
-94
-77
-102
-71
-135
-37
-160
-45
-159
-83
-82
-57
-139
-113
-35
-78
-112
-75
-70
-148
-166
-78
-139
-106
-132
-156
-144
-40
-123
-21
-144
-114
-156
-145
-131
-79
-69
-119
-124
-65
-170
-120
-74
-125
-131
-144
-71
-74
-114
-134
-161
-83
-146
-53
-143
-106
-72
-178
-110
-99
-94
-145
-96
-150
-31
-170
-110
-76
-175
-140
-148
-117
-153
-162
-56
-136
-71
-64
-180
-102
-154
-86
-103
-91
-51
-118
-86
-38
-129
-43
-5
-25
-151
-186
-90
-94
-171
-79
-11
-79
-122
-150
-75
-115
-122
-123
-20
-117
-77
-71
-141
-12
-173
-121
-156
-61
-100
-151
-77
-140
-144
-99
-35
-129
-29
-119
-121
-139
-23
-30
-127
-110
-198
-97
-150
-137
-129
-142
-18
-126
-124
-174
-79
-86
-87
-150
-103
-93
-57
-37
-141
-99
-47
-132
-130
-90
-114
-154
-78
-66
-75
-111
-115
-91
-146
-124
-83
-67
-132
-157
-148
-95
-110
-73
-97
-69
-8
-77
-76
-110
-213
-118
-159
-64
-74
-91
-151
-88
-93
-128
-138
-45
-91
-89
-91
-136
-175
-68
-58
-141
-146
-41
-129
-158
-131
-16
-112
-151
-32
-94
-121
-125
-153
-170
-76
-60
-87
-52
-140
-86
-18
-146
-118
-91
-142
-124
-84
-165
-149
-143
-78
-121
-119
-121
-137
-65
-174
-116
-169
-88
-149
-131
-139
-23
-111
-82
-87
-145
-119
-186
-49
-122
-116
-95
-99
-55
-122
-85
-150
-76
-71
-166
-150
-100
-116
-59
-45
-123
-205
-122
-144
-127
-124
-156
-84
-82
-97
-173
-175
-77
-99
-104
-108
-84
-112
-97
-84
-112
-79
-138
-105
-74
-124
-146
-23
-212
-35
-80
-77
-105
-111
-69
-76
-76
-135
-42
-57
-79
-16
-185
-122
-128
-122
-79
-108
-72
-17
-116
-99
-95
-6
-73
-80
-85
-78
-121
-87
-79
-131
-82
-134
-64
-132
-167
-110
-106
-29
-79
-72
-171
-84
-76
-77
-94
-27
-114
-91
-160
-114
-164
-142
-142
-119
-71
-91
-110
-108
-126
-131
-91
-84
-131
-104
-113
-108
-144
-25
-177
-199
-137
-98
-76
-169
-113
-78
-94
-149
-148
-125
-109
-97
-111
-130
-112
-110
-193
-95
-172
-76
-129
-47
-82
-104
-90
-44
-27
-135
-84
-121
-75
-137
-120
-115
-111
-88
-26
-143
-129
-84
-105
-132
-83
-160
-139
-101
-122
-102
-28
-113
-115
-105
-163
-75
-184
-28
-113
-72
-189
-122
-56
-124
-178
-99
-103
-144
-42
-190
-151
-41
-93
-102
-55
-129
-82
-127
-76
-105
-128
-81
-87
-88
-69
-64
-110
-125
-87
-23
-209
-68
-37
-59
-68
-81
-6
-101
-29
-90
-147
-119
-133
-98
-166
-86
-121
-76
-124
-157
-81
-98
-85
-67
-50
-60
-166
-45
-94
-85
-80
-144
-48
-100
-121
-41
-94
-38
-97
-102
-91
-56
-117
-150
-125
-119
-32
-71
-93
-56
-147
-105
-86
-70
-142
-106
-85
-116
-108
-132
-91
-108
-23
-103
-16
-159
-75
-124
-87
-150
-86
-173
-71
-119
-111
-102
-53
-87
-185
-118
-129
-150
-26
-92
-33
-65
-94
-71
-83
-141
-87
-120
-152
-53
-107
-112
-76
-128
-111
-87
-64
-131
-116
-104
-79
-146
-137
-44
-95
-103
-88
-139
-138
-125
-144
-191
-59
-139
-74
-137
-26
-140
-70
-115
-164
-89
-102
-102
-116
-143
-83
-145
-124
-189
-120
-73
-99
-110
-138
-96
-71
-146
-75
-127
-86
-146
-84
-96
-169
-123
-122
-95
-119
-69
-135
-145
-148
-18
-120
-102
-135
-116
-110
-128
-75
-76
-109
-74
-109
-114
-129
-75
-114
-146
-137
-190
-69
-93
-69
-125
-126
-218
-143
-93
-147
-111
-85
-95
-22
-49
-120
-210
-109
-62
-40
-112
-89
-198
-97
-17
-135
-140
-110
-24
-59
-174
-80
-134
-101
-109
-88
-49
-42
-124
-167
-38
-148
-107
-89
-75
-154
-96
-95
-132
-103
-95
-105
-116
-143
-40
-100
-40
-103
-155
-125
-85
-99
-127
-92
-75
-90
-128
-80
-40
-100
-153
-91
-55
-99
-120
-102
-152
-20
-109
-143
-98
-61
-9
-92
-144
-119
-134
-97
-117
-82
-168
-141
-70
-82
-94
-93
-114
-125
-125
-63
-108
-172
-93
-105
-92
-129
-149
-93
-59
-122
-121
-196
-177
-67
-79
-173
-127
-80
-144
-134
-93
-134
-67
-155
-47
-98
-88
-72
-122
-144
-83
-127
-74
-118
-76
-102
-55
-117
-114
-113
-126
-38
-83
-147
-153
-81
-97
-29
-41
-139
-78
-149
-26
-79
-121
-110
-107
-73
-23
-133
-158
-114
-84
-148
-104
-153
-173
-150
-80
-118
-120
-99
-130
-86
-146
-95
-75
-10
-103
-136
-59
-93
-29
-166
-95
-104
-181
-123
-125
-77
-81
-178
-110
-114
-66
-74
-60
-74
-106
-92
-161
-29
-130
-80
-128
-150
-121
-113
-67
-114
-114
-188
-81
-100
-88
-135
-19
-165
-181
-110
-107
-185
-74
-140
-121
-31
-68
-138
-106
-56
-133
-68
-78
-112
-120
-123
-148
-135
-76
-89
-165
-93
-117
-148
-82
-12
-109
-93
-117
-86
-73
-61
-164
-146
-79
-122
-106
-85
-139
-137
-134
-150
-82
-70
-84
-82
-77
-117
-113
-93
-99
-152
-124
-97
-141
-97
-207
-162
-85
-91
-165
-133
-25
-96
-147
-73
-114
-83
-123
-137
-186
-67
-27
-78
-87
-145
-26
-175
-72
-74
-131
-91
-83
-152
-77
-156
-77
-136
-108
-105
-120
-191
-19
-64
-82
-156
-72
-130
-176
-95
-19
-136
-131
-51
-81
-129
-171
-107
-199
-51
-84
-77
-114
-169
-72
-41
-163
-191
-202
-97
-91
-80
-70
-85
-124
-164
-41
-116
-98
-138
-71
-153
-126
-85
-96
-140
-145
-145
-76
-72
-32
-70
-96
-81
-132
-69
-93
-77
-68
-105
-151
-55
-162
-22
-94
-125
-74
-105
-77
-73
-36
-185
-74
-172
-182
-64
-75
-145
-101
-160
-78
-99
-134
-76
-76
-26
-78
-154
-143
-137
-181
-98
-124
-37
-77
-152
-74
-119
-103
-35
-134
-95
-110
-90
-121
-99
-34
-148
-150
-80
-70
-100
-92
-120
-147
-79
-70
-74
-88
-89
-139
-113
-88
-34
-75
-142
-104
-85
-116
-124
-104
-151
-102
-197
-183
-28
-128
-68
-91
-96
-108
-55
-111
-139
-117
-87
-69
-144
-90
-68
-143
-101
-164
-133
-81
-155
-78
-74
-127
-143
-119
-152
-94
-185
-160
-71
-132
-151
-84
-117
-112
-115
-27
-147
-72
-89
-152
-137
-158
-123
-78
-87
-104
-110
-100
-98
-51
-98
-46
-100
-95
-80
-111
-75
-99
-116
-86
-131
-127
-115
-110
-120
-104
-129
-93
-87
-81
-204
-124
-168
-171
-53
-49
-105
-99
-27
-113
-121
-115
-77
-105
-68
-55
-170
-125
-33
-15
-95
-99
-18
-152
-129
-168
-125
-121
-107
-104
-161
-149
-194
-106
-121
-179
-70
-145
-146
-89
-25
-129
-125
-162
-82
-137
-176
-134
-74
-144
-110
-131
-133
-89
-71
-139
-60
-109
-164
-119
-159
-30
-147
-41
-168
-166
-131
-112
-78
-148
-180
-116
-9
-73
-120
-129
-100
-78
-168
-120
-38
-96
-170
-136
-112
-106
-92
-168
-121
-130
-33
-61
-115
-124
-110
-132
-106
-117
-171
-153
-125
-106
-126
-84
-106
-91
-103
-86
-119
-67
-132
-130
-38
-117
-147
-87
-71
-17
-77
-154
-76
-127
-85
-91
-75
-101
-9
-67
-118
-146
-108
-79
-82
-157
-115
-38
-90
-116
-111
-87
-122
-144
-160
-137
-82
-100
-106
-142
-107
-43
-76
-60
-59
-136
-88
-89
-126
-119
-58
-117
-78
-166
-140
-84
-109
-96
-160
-164
-47
-106
-108
-110
-32
-43
-146
-89
-124
-129
-114
-82
-73
-143
-122
-167
-142
-106
-148
-140
-130
-100
-138
-149
-86
-31
-77
-123
-91
-39
-68
-126
-143
-183
-113
-68
-178
-103
-148
-182
-205
-132
-140
-128
-38
-188
-155
-74
-116
-26
-125
-193
-95
-200
-168
-71
-117
-89
-117
-154
-114
-140
-106
-91
-122
-85
-87
-41
-194
-66
-93
-67
-127
-89
-75
-149
-139
-81
-187
-31
-130
-203
-174
-48
-74
-94
-76
-124
-98
-74
-103
-78
-77
-154
-25
-184
-61
-124
-181
-97
-139
-75
-229
-147
-168
-106
-112
-103
-132
-53
-122
-76
-70
-25
-57
-130
-179
-77
-153
-112
-104
-118
-147
-168
-134
-89
-22
-79
-175
-79
-81
-80
-171
-86
-156
-35
-153
-136
-155
-81
-68
-164
-71
-128
-62
-93
-143
-26
-100
-86
-68
-117
-78
-117
-114
-126
-181
-78
-86
-62
-57
-110
-73
-120
-125
-71
-62
-149
-143
-48
-151
-144
-163
-147
-154
-48
-73
-96
-125
-142
-85
-96
-91
-96
-7
-85
-137
-143
-101
-80
-199
-120
-103
-164
-53
-171
-57
-121
-146
-164
-76
-91
-142
-109
-42
-86
-97
-129
-153
-154
-135
-92
-120
-161
-104
-70
-98
-86
-164
-107
-120
-89
-123
-119
-136
-147
-79
-143
-84
-94
-191
-123
-113
-83
-120
-111
-28
-126
-73
-114
-53
-166
-149
-76
-78
-132
-135
-24
-100
-57
-100
-89
-62
-140
-35
-141
-63
-39
-77
-161
-162
-140
-72
-89
-79
-135
-71
-93
-100
-160
-83
-161
-110
-27
-148
-58
-103
-104
-93
-32
-116
-82
-70
-93
-93
-114
-74
-105
-87
-103
-112
-165
-70
-51
-95
-113
-70
-77
-103
-87
-78
-100
-40
-122
-20
-94
-98
-121
-138
-81
-94
-178
-82
-73
-132
-81
-133
-85
-143
-72
-82
-58
-96
-141
-76
-61
-71
-150
-102
-125
-100
-117
-108
-86
-98
-54
-179
-113
-76
-82
-118
-120
-82
-160
-57
-162
-186
-104
-101
-96
-92
-83
-179
-166
-19
-121
-74
-186
-57
-86
-70
-156
-70
-14
-166
-106
-93
-71
-77
-64
-136
-105
-70
-122
-128
-110
-154
-110
-168
-46
-138
-145
-95
-57
-111
-97
-73
-107
-35
-165
-146
-39
-146
-134
-72
-126
-196
-157
-164
-73
-138
-84
-77
-65
-17
-199
-108
-80
-149
-175
-141
-57
-108
-113
-138
-130
-135
-107
-70
-85
-177
-76
-44
-75
-42
-82
-114
-75
-85
-98
-87
-94
-143
-133
-126
-107
-78
-67
-155
-153
-59
-163
-191
-183
-100
-85
-124
-173
-73
-77
-107
-129
-99
-80
-78
-94
-89
-146
-130
-78
-73
-84
-84
-108
-163
-112
-157
-99
-107
-96
-87
-71
-53
-105
-44
-58
-44
-162
-109
-159
-76
-124
-116
-87
-125
-137
-148
-77
-73
-108
-103
-68
-78
-100
-67
-86
-125
-81
-42
-97
-143
-178
-108
-61
-128
-125
-35
-40
-23
-94
-45
-129
-31
-140
-149
-106
-126
-78
-130
-120
-79
-80
-79
-67
-124
-135
-86
-132
-78
-76
-119
-144
-78
-125
-108
-130
-138
-92
-80
-187
-97
-109
-100
-91
-50
-105
-169
-124
-135
-85
-19
-117
-73
-121
-78
-64
-143
-130
-108
-14
-112
-71
-118
-96
-183
-141
-89
-75
-84
-50
-53
-78
-87
-159
-127
-136
-150
-91
-75
-63
-77
-34
-119
-112
-110
-41
-148
-157
-123
-85
-97
-75
-167
-146
-141
-122
-162
-104
-120
-177
-40
-136
-114
-159
-83
-173
-110
-102
-146
-111
-59
-104
-195
-90
-8
-81
-63
-89
-46
-103
-67
-126
-122
-87
-78
-80
-159
-156
-76
-97
-39
-151
-74
-145
-109
-124
-114
-186
-108
-116
-51
-24
-14
-94
-194
-176
-148
-135
-82
-90
-132
-49
-73
-145
-127
-77
-148
-133
-144
-114
-94
-138
-121
-132
-110
-170
-149
-136
-129
-119
-95
-42
-130
-138
-72
-102
-82
-97
-82
-166
-106
-161
-98
-153
-168
-95
-82
-181
-127
-60
-134
-101
-146
-130
-119
-73
-131
-68
-71
-192
-142
-56
-86
-147
-117
-60
-91
-126
-48
-135
-58
-54
-127
-55
-115
-117
-146
-142
-108
-150
-141
-114
-79
-98
-36
-83
-104
-172
-104
-127
-113
-132
-42
-39
-11
-68
-89
-154
-47
-86
-77
-102
-77
-183
-104
-119
-109
-100
-159
-79
-36
-67
-141
-74
-145
-71
-75
-168
-116
-89
-75
-37
-132
-176
-90
-70
-64
-78
-111
-115
-102
-74
-13
-153
-73
-99
-104
-180
-143
-124
-146
-74
-87
-94
-100
-125
-89
-72
-83
-74
-167
-123
-156
-154
-166
-84
-93
-126
-163
-139
-90
-102
-125
-129
-115
-117
-172
-154
-100
-142
-29
-166
-112
-94
-178
-131
-116
-179
-82
-24
-101
-101
-139
-81
-43
-151
-138
-78
-142
-133
-130
-100
-133
-96
-88
-181
-144
-143
-132
-167
-90
-80
-159
-135
-128
-159
-84
-85
-145
-94
-90
-159
-118
-188
-129
-150
-80
-105
-87
-120
-137
-111
-126
-114
-185
-85
-74
-87
-165
-56
-97
-96
-103
-72
-133
-105
-152
-113
-81
-147
-147
-109
-148
-101
-71
-116
-140
-153
-152
-82
-59
-123
-198
-143
-64
-60
-142
-117
-147
-158
-113
-52
-80
-141
-42
-110
-11
-24
-128
-80
-156
-86
-90
-80
-143
-162
-93
-81
-135
-74
-81
-109
-85
-77
-109
-110
-119
-72
-132
-78
-143
-180
-154
-35
-86
-111
-168
-148
-102
-99
-146
-40
-90
-51
-85
-77
-127
-138
-12
-65
-67
-104
-93
-167
-113
-94
-105
-76
-92
-186
-72
-86
-86
-52
-112
-41
-92
-84
-91
-70
-106
-72
-94
-55
-146
-109
-96
-100
-186
-169
-78
-127
-38
-78
-78
-95
-71
-34
-95
-77
-135
-159
-74
-152
-94
-139
-122
-96
-119
-98
-83
-129
-161
-48
-94
-129
-90
-147
-94
-118
-124
-56
-16
-111
-107
-74
-142
-115
-159
-93
-45
-111
-68
-78
-22
-177
-122
-43
-150
-111
-114
-91
-191
-135
-168
-133
-105
-71
-110
-74
-164
-111
-116
-181
-42
-96
-159
-104
-95
-128
-99
-137
-106
-32
-96
-144
-77
-147
-35
-158
-80
-93
-78
-77
-120
-43
-20
-90
-122
-74
-69
-74
-97
-86
-70
-130
-167
-123
-60
-154
-128
-92
-145
-130
-99
-74
-160
-74
-80
-80
-94
-66
-140
-126
-92
-131
-16
-75
-78
-77
-41
-72
-155
-148
-99
-7
-114
-81
-82
-8
-101
-117
-209
-104
-123
-96
-90
-75
-133
-105
-103
-43
-161
-82
-28
-72
-74
-150
-118
-103
-148
-107
-152
-32
-138
-75
-117
-20
-33
-136
-145
-145
-120
-95
-125
-73
-139
-136
-98
-78
-151
-100
-82
-77
-79
-129
-42
-129
-121
-122
-136
-108
-117
-136
-106
-208
-91
-93
-57
-114
-112
-53
-111
-113
-76
-192
-83
-81
-72
-112
-128
-80
-107
-155
-125
-133
-124
-68
-86
-117
-112
-39
-146
-52
-62
-63
-136
-114
-97
-189
-114
-145
-144
-186
-143
-167
-144
-147
-70
-112
-116
-86
-111
-85
-123
-145
-79
-117
-89
-110
-135
-80
-114
-77
-144
-64
-155
-43
-92
-100
-143
-49
-13
-93
-33
-132
-43
-138
-148
-144
-153
-99
-145
-65
-77
-85
-71
-130
-78
-112
-129
-144
-111
-82
-77
-106
-119
-85
-134
-95
-148
-117
-72
-138
-90
-39
-72
-168
-192
-85
-75
-136
-134
-142
-128
-80
-114
-78
-35
-122
-107
-105
-84
-84
-171
-76
-130
-146
-27
-79
-54
-110
-73
-84
-72
-117
-185
-90
-130
-90
-90
-79
-182
-95
-179
-64
-111
-117
-70
-37
-154
-106
-171
-18
-152
-189
-102
-102
-152
-81
-123
-95
-140
-148
-85
-26
-107
-131
-80
-150
-128
-140
-150
-103
-82
-140
-160
-25
-144
-101
-85
-144
-147
-119
-175
-81
-82
-31
-98
-67
-116
-83
-137
-14
-107
-133
-30
-46
-106
-127
-26
-135
-74
-83
-94
-131
-123
-120
-84
-123
-188
-158
-69
-32
-71
-85
-142
-68
-130
-118
-81
-158
-48
-8
-193
-125
-91
-171
-79
-155
-199
-39
-176
-65
-140
-178
-140
-67
-164
-111
-118
-58
-104
-167
-38
-181
-126
-135
-146
-80
-80
-157
-75
-76
-91
-96
-96
-97
-80
-88
-109
-92
-30
-83
-146
-106
-180
-56
-111
-100
-167
-130
-118
-104
-67
-130
-90
-128
-128
-114
-194
-144
-80
-86
-99
-81
-104
-80
-136
-148
-155
-119
-98
-100
-104
-110
-15
-129
-77
-32
-20
-83
-151
-70
-89
-109
-82
-109
-165
-130
-24
-109
-149
-80
-178
-166
-76
-83
-99
-82
-112
-102
-114
-26
-79
-49
-144
-168
-124
-93
-102
-138
-87
-116
-104
-77
-30
-72
-106
-175
-132
-125
-76
-45
-170
-87
-103
-77
-80
-123
-86
-127
-86
-106
-115
-170
-11
-146
-75
-89
-80
-203
-74
-114
-151
-96
-76
-75
-207
-185
-94
-107
-56
-142
-88
-103
-30
-61
-104
-124
-76
-150
-158
-143
-106
-64
-111
-133
-101
-88
-121
-134
-32
-83
-100
-95
-109
-74
-161
-111
-77
-143
-100
-46
-190
-71
-55
-76
-118
-99
-81
-148
-103
-139
-138
-51
-120
-73
-94
-88
-194
-139
-114
-55
-123
-98
-128
-134
-64
-140
-134
-70
-204
-31
-90
-141
-77
-165
-101
-85
-60
-85
-112
-136
-121
-106
-65
-144
-42
-63
-143
-166
-72
-153
-86
-154
-101
-90
-113
-102
-113
-36
-104
-147
-74
-158
-63
-145
-82
-121
-101
-95
-44
-124
-114
-124
-189
-103
-129
-122
-37
-111
-73
-114
-101
-81
-148
-128
-140
-174
-91
-75
-102
-43
-119
-121
-71
-158
-164
-152
-107
-145
-50
-148
-79
-44
-70
-124
-99
-165
-91
-121
-96
-143
-168
-72
-148
-137
-128
-152
-116
-107
-123
-127
-81
-117
-116
-88
-100
-105
-126
-68
-167
-36
-73
-95
-188
-76
-155
-141
-78
-110
-110
-197
-58
-16
-127
-86
-16
-152
-85
-137
-97
-152
-70
-66
-80
-177
-63
-189
-92
-147
-127
-82
-129
-102
-76
-109
-89
-114
-83
-114
-142
-150
-114
-85
-152
-68
-77
-159
-133
-45
-98
-58
-110
-165
-128
-153
-172
-107
-82
-177
-69
-30
-60
-89
-91
-103
-15
-104
-100
-77
-96
-129
-127
-73
-204
-124
-130
-138
-32
-49
-129
-80
-49
-86
-169
-107
-166
-70
-86
-74
-75
-99
-69
-100
-96
-174
-96
-132
-72
-136
-96
-112
-152
-9
-134
-119
-64
-129
-103
-51
-146
-94
-122
-161
-110
-90
-99
-111
-78
-85
-121
-125
-126
-65
-67
-85
-124
-165
-155
-77
-79
-106
-123
-21
-55
-77
-96
-187
-89
-47
-98
-122
-87
-82
-37
-120
-60
-108
-137
-77
-160
-111
-116
-102
-85
-41
-12
-112
-152
-46
-60
-78
-119
-83
-182
-139
-81
-39
-95
-11
-149
-122
-59
-81
-153
-109
-93
-143
-104
-73
-184
-177
-77
-98
-54
-157
-108
-31
-197
-120
-163
-102
-192
-105
-114
-100
-43
-81
-108
-108
-102
-98
-107
-154
-88
-148
-186
-120
-170
-104
-87
-168
-104
-70
-151
-109
-146
-118
-118
-59
-146
-98
-100
-152
-17
-124
-76
-91
-124
-127
-88
-114
-110
-78
-145
-133
-112
-210
-84
-161
-16
-70
-117
-105
-41
-122
-84
-70
-76
-95
-133
-101
-80
-33
-33
-78
-158
-115
-78
-70
-103
-169
-40
-140
-87
-67
-65
-39
-137
-112
-71
-130
-135
-114
-105
-80
-103
-90
-109
-86
-75
-93
-105
-98
-145
-78
-94
-112
-143
-77
-147
-188
-68
-154
-115
-124
-109
-132
-133
-64
-196
-127
-129
-178
-126
-78
-84
-64
-74
-94
-145
-62
-128
-81
-134
-167
-36
-79
-73
-80
-116
-43
-174
-175
-51
-87
-94
-133
-20
-101
-147
-114
-129
-187
-100
-185
-139
-149
-132
-74
-87
-79
-65
-79
-175
-131
-74
-50
-73
-73
-76
-34
-84
-105
-185
-57
-91
-119
-24
-126
-69
-143
-151
-116
-91
-85
-140
-88
-129
-4
-101
-114
-153
-178
-23
-81
-145
-185
-19
-45
-151
-156
-200
-120
-67
-114
-63
-112
-110
-107
-199
-144
-170
-147
-79
-91
-88
-74
-77
-87
-94
-77
-149
-127
-141
-34
-108
-108
-99
-144
-89
-181
-151
-160
-80
-137
-96
-100
-89
-169
-178
-104
-70
-166
-98
-57
-124
-146
-62
-107
-166
-73
-121
-108
-29
-176
-166
-64
-13
-98
-81
-99
-132
-76
-131
-194
-107
-152
-96
-160
-56
-175
-155
-97
-92
-58
-179
-115
-47
-144
-139
-184
-40
-102
-76
-118
-169
-77
-64
-103
-76
-109
-122
-144
-83
-119
-134
-97
-95
-103
-86
-133
-173
-155
-147
-38
-175
-75
-150
-61
-140
-113
-104
-26
-184
-205
-14
-116
-113
-87
-116
-120
-147
-118
-69
-37
-93
-160
-10
-93
-38
-167
-87
-85
-94
-118
-79
-73
-42
-23
-83
-74
-149
-68
-128
-80
-81
-174
-80
-79
-65
-142
-53
-177
-178
-89
-112
-79
-99
-79
-78
-69
-76
-77
-87
-160
-125
-26
-169
-166
-110
-126
-96
-78
-102
-84
-150
-131
-57
-62
-115
-163
-97
-172
-139
-36
-79
-171
-91
-105
-97
-109
-70
-71
-56
-194
-122
-97
-95
-131
-125
-152
-149
-116
-117
-81
-137
-105
-139
-129
-156
-113
-145
-17
-14
-130
-78
-73
-37
-179
-78
-135
-39
-154
-138
-141
-121
-161
-109
-38
-86
-89
-72
-60
-220
-156
-112
-73
-138
-94
-67
-86
-14
-123
-90
-113
-69
-98
-113
-128
-104
-110
-154
-150
-109
-89
-196
-85
-91
-120
-135
-133
-44
-21
-106
-70
-82
-133
-98
-108
-133
-101
-142
-86
-148
-147
-89
-128
-121
-100
-154
-128
-130
-84
-107
-104
-143
-72
-145
-130
-109
-112
-76
-36
-71
-100
-78
-123
-141
-63
-104
-105
-156
-151
-68
-129
-152
-103
-52
-91
-72
-164
-91
-48
-82
-108
-79
-41
-104
-82
-81
-160
-180
-140
-123
-103
-172
-63
-165
-180
-121
-70
-67
-164
-185
-145
-113
-188
-127
-75
-103
-163
-158
-35
-122
-80
-140
-79
-85
-219
-137
-104
-104
-79
-64
-104
-57
-101
-106
-96
-166
-153
-127
-126
-82
-101
-90
-120
-88
-131
-166
-147
-143
-80
-71
-138
-148
-108
-100
-78
-90
-78
-111
-50
-38
-86
-115
-74
-93
-119
-142
-129
-130
-112
-84
-79
-133
-166
-105
-176
-143
-96
-131
-107
-80
-115
-92
-125
-20
-156
-76
-146
-81
-65
-109
-79
-92
-105
-79
-114
-43
-121
-175
-141
-38
-100
-157
-88
-81
-163
-136
-153
-148
-146
-71
-82
-102
-182
-33
-73
-124
-117
-114
-90
-129
-58
-171
-155
-121
-91
-146
-96
-159
-63
-104
-46
-135
-78
-86
-158
-181
-151
-82
-83
-76
-89
-122
-74
-90
-114
-80
-116
-159
-113
-111
-175
-88
-65
-33
-40
-51
-115
-115
-74
-83
-78
-90
-74
-114
-139
-50
-136
-128
-131
-152
-97
-158
-71
-75
-76
-78
-131
-78
-18
-87
-122
-105
-160
-186
-35
-76
-122
-41
-170
-39
-85
-111
-22
-118
-79
-101
-85
-155
-189
-101
-121
-82
-13
-69
-149
-112
-173
-168
-116
-122
-112
-9
-146
-123
-179
-106
-94
-72
-100
-73
-82
-69
-29
-126
-117
-92
-38
-115
-98
-83
-131
-104
-136
-161
-113
-91
-87
-99
-64
-77
-78
-94
-142
-90
-147
-56
-44
-84
-46
-108
-71
-77
-89
-76
-68
-142
-65
-89
-134
-75
-133
-183
-144
-140
-91
-82
-147
-118
-98
-150
-111
-135
-41
-22
-27
-119
-97
-108
-97
-125
-129
-149
-180
-162
-127
-130
-83
-152
-48
-56
-90
-130
-107
-173
-134
-102
-60
-27
-100
-137
-72
-86
-58
-111
-135
-61
-122
-181
-73
-154
-118
-149
-102
-107
-85
-81
-82
-116
-76
-131
-126
-25
-37
-153
-203
-78
-121
-120
-105
-74
-77
-19
-65
-90
-95
-50
-86
-184
-47
-121
-145
-109
-92
-1
-125
-73
-114
-68
-83
-61
-112
-105
-104
-35
-126
-133
-169
-115
-111
-84
-69
-71
-68
-127
-91
-139
-76
-44
-137
-131
-166
-75
-108
-80
-85
-160
-141
-108
-80
-27
-68
-107
-182
-46
-128
-173
-66
-141
-75
-98
-89
-110
-107
-97
-150
-104
-152
-142
-190
-98
-90
-99
-74
-151
-90
-68
-85
-81
-132
-75
-66
-182
-170
-175
-103
-76
-109
-85
-117
-175
-72
-84
-102
-118
-130
-102
-102
-142
-50
-124
-74
-138
-111
-85
-69
-120
-142
-51
-34
-117
-95
-76
-43
-111
-84
-88
-167
-162
-124
-67
-89
-96
-114
-123
-79
-141
-90
-111
-84
-167
-148
-63
-132
-110
-20
-60
-122
-141
-117
-151
-161
-87
-110
-100
-170
-85
-88
-93
-173
-45
-79
-185
-104
-13
-31
-179
-138
-186
-117
-143
-76
-124
-66
-120
-44
-166
-40
-74
-88
-133
-92
-91
-101
-70
-173
-110
-107
-71
-102
-75
-103
-115
-106
-101
-36
-151
-141
-89
-118
-199
-162
-89
-102
-77
-83
-52
-84
-97
-134
-136
-140
-93
-114
-54
-142
-29
-171
-166
-182
-119
-125
-84
-157
-203
-119
-170
-150
-141
-104
-174
-149
-38
-76
-83
-108
-182
-120
-172
-97
-94
-40
-108
-147
-149
-146
-91
-110
-78
-101
-82
-108
-76
-94
-161
-63
-109
-61
-120
-85
-104
-98
-25
-169
-40
-71
-96
-134
-133
-94
-140
-135
-186
-134
-118
-74
-114
-106
-89
-59
-69
-146
-129
-128
-144
-42
-86
-134
-158
-96
-129
-136
-134
-92
-72
-76
-118
-160
-187
-37
-166
-82
-42
-168
-150
-17
-86
-78
-122
-88
-33
-81
-145
-169
-152
-10
-75
-79
-78
-160
-80
-91
-86
-17
-154
-151
-51
-74
-89
-168
-69
-170
-151
-129
-119
-120
-90
-100
-56
-136
-95
-159
-111
-61
-141
-107
-62
-83
-121
-63
-93
-82
-158
-35
-123
-134
-197
-83
-132
-150
-114
-128
-120
-112
-182
-78
-126
-163
-172
-109
-135
-37
-83
-26
-167
-41
-79
-192
-90
-126
-137
-69
-167
-153
-95
-116
-117
-130
-112
-118
-84
-77
-18
-141
-71
-33
-29
-132
-56
-82
-136
-72
-108
-75
-53
-77
-110
-99
-127
-113
-119
-106
-153
-123
-125
-116
-140
-177
-104
-116
-128
-78
-152
-77
-118
-161
-130
-109
-139
-85
-79
-73
-114
-21
-170
-149
-156
-74
-190
-152
-158
-121
-154
-75
-15
-162
-119
-178
-82
-75
-168
-169
-114
-76
-21
-77
-150
-157
-115
-155
-190
-56
-124
-72
-191
-155
-146
-91
-108
-124
-131
-139
-61
-178
-77
-113
-102
-87
-162
-103
-140
-52
-115
-215
-88
-115
-118
-73
-125
-98
-96
-144
-115
-150
-150
-151
-110
-73
-168
-189
-100
-30
-132
-123
-112
-46
-103
-100
-62
-179
-139
-147
-92
-103
-97
-76
-158
-101
-124
-79
-99
-110
-129
-144
-145
-159
-109
-134
-106
-28
-116
-65
-148
-14
-146
-141
-84
-80
-159
-87
-84
-79
-140
-167
-163
-19
-64
-114
-99
-74
-82
-189
-96
-93
-87
-113
-108
-75
-99
-101
-35
-96
-140
-159
-117
-125
-129
-173
-109
-182
-50
-108
-118
-109
-116
-34
-108
-74
-188
-169
-46
-128
-94
-98
-78
-85
-184
-80
-137
-152
-128
-110
-80
-82
-151
-70
-84
-71
-108
-95
-76
-130
-85
-11
-23
-97
-99
-186
-87
-89
-141
-49
-67
-79
-91
-119
-99
-146
-80
-131
-82
-122
-90
-9
-45
-94
-79
-105
-111
-105
-30
-77
-77
-69
-86
-122
-47
-71
-102
-115
-122
-105
-163
-125
-107
-105
-16
-121
-117
-91
-49
-81
-14
-44
-82
-75
-119
-109
-82
-118
-118
-98
-142
-151
-141
-79
-80
-106
-83
-106
-153
-112
-105
-162
-161
-48
-173
-95
-71
-123
-120
-104
-119
-93
-122
-93
-133
-42
-139
-92
-115
-154
-152
-143
-131
-177
-105
-174
-95
-115
-102
-133
-54
-30
-143
-173
-120
-100
-72
-73
-153
-112
-163
-62
-129
-138
-93
-110
-144
-104
-78
-148
-41
-135
-102
-27
-106
-108
-111
-134
-121
-82
-69
-115
-150
-163
-122
-114
-141
-133
-146
-13
-106
-35
-77
-18
-69
-105
-145
-109
-194
-98
-134
-155
-75
-27
-42
-76
-72
-149
-145
-37
-62
-72
-70
-71
-122
-88
-111
-132
-101
-126
-77
-169
-43
-163
-141
-177
-94
-74
-126
-80
-198
-53
-134
-156
-191
-98
-110
-82
-150
-145
-131
-79
-128
-79
-96
-32
-78
-116
-89
-72
-209
-12
-182
-80
-142
-182
-140
-152
-121
-186
-78
-116
-66
-80
-82
-34
-3
-122
-118
-124
-56
-98
-53
-114
-79
-105
-195
-41
-121
-143
-123
-86
-106
-115
-128
-139
-174
-87
-131
-86
-122
-65
-134
-115
-58
-104
-108
-185
-72
-211
-16
-33
-38
-161
-144
-205
-90
-192
-93
-121
-93
-139
-123
-37
-110
-119
-147
-84
-83
-88
-135
-95
-125
-68
-100
-63
-95
-134
-157
-75
-26
-87
-126
-84
-102
-141
-174
-89
-133
-136
-175
-82
-124
-56
-83
-151
-87
-76
-79
-80
-117
-68
-125
-99
-99
-80
-112
-69
-147
-75
-106
-73
0
-165
-89
-72
-92
-50
-19
-38
-108
-18
-134
-133
-144
-135
-160
-76
-78
-145
-166
-117
-166
-140
-61
-147
-31
-88
-78
-33
-68
-140
-167
-120
-148
-137
-136
-116
-72
-101
-131
-91
-111
-18
-98
-143
-43
-79
-47
-74
-164
-186
-139
-82
-33
-68
-50
-144
-113
-77
-100
-158
-156
-52
-128
-85
-88
-103
-73
-176
-74
-94
-144
-92
-162
-157
-79
-102
-109
-74
-32
-101
-22
-155
-78
-110
-127
-100
-146
-144
-173
-142
-110
-85
-91
-39
-73
-15
-5
-124
-98
-158
-51
-104
-129
-133
-120
-88
-105
-161
-22
-159
-31
-127
-91
-102
-105
-82
-100
-39
-21
-78
-79
-116
-151
-98
-63
-56
-121
-82
-59
-82
-137
-95
-134
-118
-189
-141
-40
-124
-92
-92
-151
-155
-134
-58
-117
-171
-108
-106
-137
-134
-120
-39
-137
-101
-152
-159
-176
-200
-43
-135
-13
-100
-90
-118
-111
-75
-68
-99
-109
-168
-90
-88
-24
-83
-13
-123
-116
-55
-174
-155
-111
-133
-125
-104
-105
-189
-108
-141
-86
-75
-98
-74
-133
-155
-81
-94
-168
-103
-150
-130
-169
-45
-81
-144
-40
-87
-74
-129
-187
-179
-79
-92
-124
-35
-103
-194
-74
-123
-73
-42
-128
-46
-128
-144
-164
-126
-9
-134
-96
-152
-167
-186
-120
-120
-110
-45
-75
-125
-73
-158
-124
-95
-74
-113
-170
-90
-90
-56
-167
-85
-75
-185
-145
-177
-130
-69
-118
-49
-78
-98
-154
-101
-140
-111
-79
-103
-22
-86
-81
-181
-31
-80
-59
-103
-154
-50
-16
-132
-106
-108
-77
-80
-105
-107
-164
-151
-30
-103
-134
-100
-145
-86
-71
-99
-92
-173
-52
-95
-125
-67
-105
-112
-96
-122
-111
-178
-34
-37
-168
-183
-112
-95
-170
-90
-117
-93
-62
-135
-122
-67
-82
-128
-168
-85
-177
-190
-94
-78
-106
-75
-7
-137
-71
-54
-84
-177
-55
-15
-162
-82
-85
-75
-130
-131
-39
-66
-81
-156
-108
-103
-88
-126
-86
-137
-82
-78
-127
-51
-126
-91
-149
-139
-68
-78
-80
-115
-71
-98
-159
-113
-151
-100
-78
-142
-137
-161
-99
-33
-88
-97
-85
-39
-100
-81
-110
-115
-97
-154
-74
-120
-70
-15
-147
-152
-130
-6
-101
-94
-70
-177
-80
-167
-180
-64
-123
-92
-129
-120
-34
-99
-180
-148
-82
-105
-121
-205
-100
-105
-72
-126
-77
-107
-155
-142
-160
-76
-140
-142
-111
-102
-89
-118
-27
-74
-152
-107
-87
-84
-64
-155
-66
-154
-84
-39
-15
-100
-90
-144
-31
-115
-87
-82
-66
-122
-86
-179
-116
-110
-180
-95
-78
-137
-164
-78
-137
-117
-78
-81
-125
-42
-93
-73
-25
-118
-97
-85
-71
-67
-146
-95
-92
-87
-125
-133
-79
-130
-90
-113
-120
-101
-113
-169
-174
-115
-116
-78
-116
-126
-69
-110
-113
-93
-113
-79
-67
-95
-54
-114
-173
-87
-115
-28
-103
-84
-78
-156
-130
-150
-80
-89
-122
-151
-90
-115
-156
-37
-96
-100
-74
-151
-9
-157
-155
-163
-87
-74
-171
-29
-83
-64
-175
-123
-64
-97
-158
-77
-133
-20
-95
-89
-108
-124
-75
-155
-73
-108
-80
-104
-142
-72
-171
-95
-69
-183
-95
-66
-59
-138
-88
-103
-142
-29
-87
-64
-89
-58
-54
-84
-80
-75
-50
-67
-78
-132
-141
-97
-97
-121
-45
-175
-126
-93
-113
-116
-83
-109
-134
-138
-125
-31
-84
-89
-159
-103
-36
-95
-26
-71
-127
-113
-124
-128
-102
-179
-129
-81
-115
-66
-127
-109
-17
-45
-116
-71
-81
-156
-116
-78
-194
-80
-103
-110
-128
-103
-116
-115
-119
-143
-134
-68
-113
-121
-21
-103
-151
-17
-97
-109
-55
-124
-100
-158
-130
-182
-78
-74
-94
-115
-142
-131
-50
-144
-99
-71
-104
-55
-147
-85
-171
-81
-35
-146
-29
-86
-53
-152
-83
-165
-102
-117
-19
-120
-135
-132
-172
-94
-88
-34
-154
-69
-151
-76
-143
-128
-104
-108
-87
-90
-148
-88
-74
-110
-109
-70
-97
-96
-120
-41
-192
-82
-169
-34
-192
-87
-71
-247
-102
-108
-140
-153
-75
-172
-150
-32
-199
-78
-86
-75
-190
-128
-93
-88
-148
-109
-74
-115
-154
-18
-71
-41
-122
-177
-166
-82
-116
-82
-116
-92
-120
-90
-21
-172
-87
-64
-36
-25
-126
-11
-131
-100
-75
-79
-107
-148
-113
-131
-70
-87
-175
-152
-40
-115
-119
-146
-141
-137
-60
-128
-156
-175
-119
-80
-34
-156
-137
-121
-132
-127
-53
-94
-99
-132
-82
-188
-192
-198
-68
-154
-125
-139
-57
-79
-153
-144
-71
-99
-78
-102
-160
-129
-78
-46
-97
-16
-160
-71
-54
-182
-98
-97
-92
-197
-103
-118
-164
-108
-100
-127
-73
-183
-104
-93
-109
-79
-132
-109
-34
-147
-159
-132
-128
-191
-63
-79
-97
-19
-141
-102
-123
-18
-103
-185
-97
-160
-184
-52
-102
-116
-128
-81
-69
-124
-130
-129
-157
-149
-66
-70
-60
-85
-89
-121
-119
-127
-161
-29
-44
-89
-51
-134
-137
-128
-153
-160
-120
-89
-75
-109
-81
-26
-142
-77
-52
-84
-96
-158
-133
-150
-87
-118
-140
-77
-106
-96
-94
-113
-125
-87
-25
-135
-63
-113
-85
-191
-152
-144
-178
-106
-113
-114
-86
-113
-172
-146
-165
-105
-75
-106
-120
-78
-154
-79
-155
-73
-138
-43
-90
-116
-101
-45
-117
-113
-180
-39
-112
-66
-166
-51
-131
-186
-79
-129
-185
-148
-77
-111
-133
-134
-23
-80
-90
-91
-120
-89
-114
-158
-78
-91
-90
-105
-111
-156
-125
-109
-92
-76
-165
-157
-124
-78
-53
-151
-70
-134
-186
-34
-36
-148
-106
-151
-76
-81
-124
-161
-78
-102
-110
-84
-114
-123
-73
-52
-146
-70
-151
-117
-11
-105
-120
-135
-98
-102
-75
-50
-73
-150
-82
-40
-122
-122
-156
-80
-56
-83
-123
-125
-148
-138
-143
-77
-123
-129
-87
-15
-81
-102
-135
-113
-187
-130
-163
-101
-143
-61
-88
-124
-98
-80
-97
-21
-81
-83
-151
-156
-106
-73
-111
-152
-124
-170
-116
-130
-117
-102
-100
-120
-93
-83
-55
-102
-107
-125
-122
-118
-55
-127
-74
-122
-65
-127
-134
-75
-158
-104
-166
-108
-127
-33
-119
-59
-154
-27
-97
-65
-30
-33
-94
-155
-36
-93
-51
-116
-172
-78
-66
-12
-135
-154
-69
-90
-82
-94
-105
-77
-95
-154
-99
-102
-47
-94
-114
-104
-113
-86
-92
-154
-75
-53
-163
-95
-128
-90
-122
-37
-103
-86
-106
-205
-131
-97
-115
-95
-98
-145
-151
-85
-77
-107
-71
-119
-148
-87
-117
-93
-128
-151
-25
-55
-153
-77
-147
-88
-149
-69
-200
-109
-171
-172
-71
-163
-110
-104
-77
-88
-145
-69
-92
-127
-93
-61
-126
-96
-85
-101
-170
-126
-136
-86
-76
-51
-185
-75
-154
-112
-122
-15
-106
-106
-124
-171
-119
-149
-78
-60
-45
-143
-167
-157
-82
-120
-125
-97
-109
-76
-102
-94
-150
-98
-131
-117
-58
-71
-168
-117
-13
-109
-105
-95
-175
-117
-86
-91
-148
-101
-119
-125
-176
-93
-96
-76
-118
-16
-71
-65
-75
-131
-113
-163
-117
-143
-87
-153
-102
-88
-104
-93
-109
-113
-144
-106
-161
-125
-41
-127
-37
-153
-29
-90
-136
-147
-91
-94
-104
-157
-91
-59
-119
-86
-148
-166
-74
-176
-155
-108
-38
-106
-68
-129
-77
-138
-170
-87
-154
-113
-85
-70
-125
-117
-66
-76
-43
-95
-11
-171
-111
-101
-117
-72
-112
-77
-53
-76
-94
-133
-185
-57
-99
-20
-91
-135
-60
-150
-81
-128
-78
-79
-100
-90
-143
-177
-99
-92
-159
-109
-165
-143
-30
-20
-82
-74
-139
-154
-114
-105
-118
-85
-107
-58
-89
-111
-80
-37
-71
-75
-120
-119
-75
-154
-134
-136
-92
-109
-87
-90
-155
-180
-137
-129
-103
-140
-83
-152
-87
-113
-130
-103
-160
-75
-106
-137
-180
-123
-108
-166
-135
-151
-78
-77
-27
-190
-107
-99
-145
-81
-87
-118
-109
-128
-136
-88
-101
-100
-65
-79
-135
-38
-140
-79
-93
-87
-76
-13
-99
-115
-181
-72
-190
-138
-30
-122
-211
-98
-106
-127
-135
-16
-162
-151
-74
-163
-156
-26
-16
-145
-97
-121
-158
-152
-111
-86
-120
-169
-83
-154
-120
-97
-95
-167
-100
-124
-112
-107
-116
-198
-128
-138
-100
-191
-132
-73
-77
-77
-126
-131
-60
-47
-71
-48
-65
-169
-143
-78
-148
-87
-101
-144
-137
-149
-130
-71
-100
-114
-88
-121
-146
-77
-153
-63
-39
-90
-100
-53
-91
-136
-105
-157
-141
-91
-113
-177
-159
-145
-109
-27
-122
-159
-74
-73
-75
-181
-161
-58
-99
-52
-105
-151
-29
-77
-83
-89
-112
-72
-69
-33
-80
-110
-105
-83
-115
-160
-114
-79
-168
-96
-122
-189
-113
-70
-97
-119
-46
-66
-71
-26
-101
-90
-141
-24
-85
-156
-20
-145
-89
-72
-74
-150
-88
-126
-122
-118
-98
-145
-16
-47
-89
-98
-31
-109
-121
-122
-107
-106
-158
-116
-153
-63
-121
-95
-120
-134
-148
-157
-112
-141
-90
-68
-94
-72
-65
-159
-130
-91
-144
-120
-87
-97
-116
-74
-140
-105
-156
-91
-101
-152
-48
-157
-102
-63
-141
-82
-120
-215
-47
-102
-166
-74
-104
-72
-98
-144
-122
-154
-72
-35
-80
-80
-62
-90
-50
-82
-170
-79
-76
-116
-83
-72
-120
-132
-121
-190
-112
-84
-18
-43
-36
-155
-125
-74
-71
-101
-208
-126
-72
-119
-81
-80
-62
-155
-76
-143
-131
-110
-95
-18
-66
-98
-88
-43
-131
-113
-154
-94
-146
-129
-143
-125
-72
-76
-179
-107
-142
-74
-115
-65
-98
-113
-126
-135
-112
-82
-52
-141
-165
-109
-81
-66
-99
-126
-92
-94
-142
-121
-184
-132
-102
-49
-73
-24
-141
-66
-91
-110
-56
-60
-166
-75
-50
-152
-136
-132
-116
-137
-43
-50
-133
-112
-117
-135
-145
-51
-78
-122
-104
-125
-134
-136
-114
-69
-125
-101
-124
-85
-28
-64
-133
-102
-86
-73
-202
-99
-137
-116
-84
-119
-155
-63
-99
-87
-48
-101
-175
-100
-61
-36
-135
-181
-138
-143
-104
-169
-142
-82
-159
-101
-86
-76
-16
-153
-94
-73
-179
-153
-166
-106
-112
-158
-101
-97
-103
-123
-113
-77
-82
-106
-38
-188
-72
-81
-104
-71
-54
-119
-77
-129
-91
-155
-103
-178
-76
-69
-156
-113
-111
-180
-75
-169
-102
-125
-82
-93
-166
-10
-51
-30
-104
-151
-116
-130
-158
-115
-160
-70
-49
-105
-110
-173
-85
-92
-148
-121
-131
-150
-63
-66
-36
-34
-107
-102
-139
-81
-11
-97
-144
-107
-88
-82
-111
-174
-38
-30
-189
-112
-119
-158
-132
-70
-151
-124
-99
-27
-116
-86
-79
-160
-75
-78
-106
-111
-146
-155
-94
-81
-138
-63
-150
-137
-90
-28
-123
-150
-87
-120
-103
-119
-89
-98
-133
-116
-97
-79
-85
-75
-167
-166
-74
-58
-158
-75
-157
-179
-167
-108
-155
-122
-115
-88
-98
-147
-95
-61
-75
-40
-120
-134
-53
-81
-95
-86
-92
-60
-92
-100
-85
-49
-82
-77
-80
-148
-112
-79
-68
-102
-67
-83
-123
-76
-40
-120
-129
-161
-126
-129
-90
-140
-103
-57
-101
-114
-111
-113
-128
-128
-88
-30
-194
-84
-104
-83
-90
-182
-83
-47
-115
-84
-66
-90
-91
-119
-75
-79
-90
-125
-98
-48
-87
-146
-103
-84
-210
-91
-113
-141
-91
-135
-124
-24
-94
-93
-41
-105
-39
-50
-112
-136
-154
-137
-113
-52
-180
-144
-113
-60
-85
-68
-115
-198
-56
-142
-71
-130
-133
-57
-73
-77
-184
-23
-118
-155
-116
-137
-80
-117
-151
-81
-82
-125
-129
-154
-85
-16
-75
-109
-149
-126
-129
-151
-164
-76
-82
-100
-150
-124
-76
-84
-123
-166
-180
-130
-108
-85
-130
-114
-87
-121
-132
-106
-103
-173
-114
-69
-90
-52
-81
-147
-78
-54
-157
-142
-73
-79
-64
-72
-106
-91
-168
-64
-108
-123
-56
-125
-40
-122
-67
-57
-152
-154
-75
-132
-106
-84
-70
-122
-66
-125
-82
-17
-95
-152
-114
-147
-131
-21
-157
-153
-207
-95
-117
-123
-88
-79
-83
-114
-9
-13
-40
-148
-83
-169
-84
-190
-161
-55
-79
-105
-131
-112
-113
-111
-124
-160
-118
-128
-97
-99
-125
-42
-109
-123
-71
-20
-16
-70
-44
-184
-76
-55
-183
-92
-73
-78
-141
-37
-143
-175
-136
-166
-117
-75
-73
-82
-104
-94
-142
-83
-162
-129
-68
-76
-140
-107
-140
-72
-102
-84
-124
-166
-110
-176
-118
-212
-195
-136
-135
-108
-90
-74
-207
-89
-120
-109
-123
-105
-117
-56
-72
-93
-83
-76
-91
-139
-81
-120
-92
-116
-126
-134
-71
-139
-78
-54
-142
-105
-85
-93
-109
-25
-92
-95
-114
-135
-174
-98
-94
-59
-111
-80
-82
-85
-93
-110
-117
-108
-16
-149
-79
-133
-75
-79
-114
-101
-112
-176
-68
-87
-84
-96
-89
-112
-74
-72
-101
-65
-14
-160
-69
-146
-118
-19
-122
-35
-84
-91
-156
-124
-118
-131
-85
-95
-69
-163
-62
-77
-59
-100
-22
-148
-107
-132
-95
-137
-158
-102
-152
-163
-101
-73
-65
-134
-68
-168
-113
-81
-134
-194
-149
-103
-122
-169
-87
-141
-141
-97
-75
-93
-80
-115
-125
-85
-79
-117
-126
-70
-129
-96
-125
-82
-90
-148
-35
-118
-78
-162
-107
-36
-134
-127
-140
-100
-182
-127
-78
-133
-87
-54
-153
-163
-183
-114
-117
-88
-141
-29
-135
-118
-131
-95
-100
-145
-35
-81
-124
-96
-148
-24
-129
-79
-98
-42
-133
-89
-104
-88
-120
-119
-123
-83
-87
-97
-171
-109
-74
-90
-86
-72
-153
-85
-122
-134
-183
-77
-77
-84
-122
-136
-104
-162
-77
-19
-78
-108
-130
-120
-149
-148
-141
-107
-186
-72
-130
-71
-22
-101
-102
-141
-132
-71
-85
-70
-71
-136
-85
-86
-124
-114
-136
-80
-6
-35
-167
-103
-83
-95
-155
-77
-78
-76
-49
-158
-140
-104
-131
-24
-31
-97
-110
-95
-129
-121
-178
-169
-86
-50
-75
-147
-99
-94
-113
-187
-29
-129
-127
-142
-89
-103
-84
-175
-81
-44
-86
-123
-83
-100
-169
-27
-175
-29
-122
-97
-87
-28
-149
-138
-63
-147
-90
-93
-145
-137
-193
-66
-164
-196
-141
-79
-49
-100
-126
-141
-103
-120
-75
-98
-68
-79
-96
-62
-112
-36
-194
-170
-175
-172
-127
-113
-28
-90
-114
-147
-115
-47
-177
-120
-19
-196
-168
-137
-174
-180
-52
-110
-58
-49
-115
-76
-117
-72
-182
-82
-72
-120
-77
-76
-63
-77
-109
-153
-78
-115
-131
-217
-84
-80
-108
-83
-116
-150
-77
-103
-48
-110
-18
-90
-78
-113
-84
-91
-34
-22
-117
-120
-78
-102
-167
-135
-120
-165
-97
-105
-98
-72
-67
-103
-87
-153
-136
-86
-147
-172
-49
-169
-124
-72
-50
-111
-83
-118
-139
-59
-25
-143
-132
-123
-122
-53
-167
-82
-148
-100
-139
-90
-73
-102
-96
-124
-78
-139
-98
-61
-80
-103
-108
-101
-92
-128
-115
-137
-142
-16
-83
-92
-81
-154
-122
-139
-81
-148
-123
-181
-73
-66
-39
-80
-129
-117
-96
-120
-81
-139
-117
-111
-112
-181
-133
-76
-92
-83
-50
-77
-81
-106
-81
-45
-112
-75
-166
-166
-164
-30
-70
-89
-133
-112
-119
-109
-110
-102
-139
-145
-153
-132
-75
-93
-155
-76
-123
-131
-157
-137
-110
-139
-159
-141
-131
-118
-89
-91
-88
-111
-94
-22
-75
-118
-123
-121
-146
-125
-112
-43
-114
-169
-67
-155
-152
-104
-101
-102
-45
-224
-104
-94
-38
-87
-139
-91
-189
-87
-77
-47
-174
-75
-31
-178
-166
-130
-152
-134
-113
-123
-134
-94
-131
-87
-142
-102
-86
-56
-131
-84
-117
-93
-138
-122
-83
-82
-99
-185
-84
-101
-102
-152
-111
-45
-133
-90
-86
-54
-69
-71
-168
-103
-95
-22
-141
-70
-137
-74
-164
-59
-125
-134
-83
-223
-121
-86
-154
-144
-132
-95
-86
-51
-115
-28
-141
-184
-92
-89
-126
-99
-68
-140
-131
-112
-89
-6
-89
-176
-116
-67
-102
-77
-108
-123
-137
-47
-33
-128
-76
-134
-84
-70
-141
-162
-57
-73
-182
-86
-168
-93
-59
-76
-100
-183
-133
-96
-113
-86
-110
-145
-87
-39
-74
-46
-66
-74
-113
-73
-119
-146
-164
-70
-85
-213
-162
-124
-27
-76
-108
-91
-143
-89
-75
-162
-63
-160
-103
-108
-25
-139
-90
-92
-164
-156
-80
-104
-159
-149
-72
-112
-78
-126
-43
-105
-87
-148
-103
-130
-148
-177
-114
-115
-107
-85
-56
-113
-120
-139
-80
-134
-125
-139
-27
-155
-151
-177
-106
-70
-117
-146
-65
-99
-179
-112
-168
-127
-113
-167
-135
-168
-78
-55
-113
-144
-87
-131
-135
-109
-89
-133
-139
-155
-79
-107
-173
-109
-76
-118
-90
-108
-107
-168
-98
-88
-96
-91
-73
-163
-72
-21
-113
-66
-73
-125
-31
-119
-8
-107
-39
-136
-132
-122
-129
-73
-133
-71
-159
-21
-176
-137
-87
-68
-119
-111
-117
-199
-125
-151
-94
-109
-167
-93
-83
-72
-92
-151
-79
-77
-98
-81
-159
-140
-119
-76
-123
-77
-180
-113
-105
-94
-118
-86
-159
-82
-102
-105
-78
-96
-155
-139
-138
-55
-101
-19
-33
-170
-107
-125
-74
-94
-89
-103
-91
-105
-112
-122
-146
-162
-39
-104
-73
-74
-88
-166
-116
-18
-48
-139
-145
-101
-93
-151
-203
-96
-118
-120
-149
-118
-119
-182
-129
-128
-42
-90
-86
-74
-90
-135
-166
-69
-142
-101
-150
-52
-209
-119
-85
-81
-169
-152
-31
-85
-123
-158
-131
-77
-118
-141
-86
-58
-91
-97
-74
-180
-92
-87
-105
-168
-92
-81
-85
-65
-37
-109
-77
-77
-105
-90
-133
-185
-137
-114
-166
-137
-101
-87
-74
-139
-117
-214
-36
-84
-93
-114
-112
-163
-140
-105
-98
-103
-106
-72
-157
-123
-146
-98
-56
-140
-156
-78
-61
-84
-107
-130
-71
-127
-107
-72
-17
-93
-180
-83
-118
-136
-125
-115
-178
-23
-56
-119
-169
-44
-84
-132
-107
-78
-157
-95
-110
-95
-133
-76
-34
-98
-82
-78
-95
-150
-113
-146
-79
-64
-14
-70
-31
-66
-149
-101
-137
-140
-86
-72
-156
-150
-158
-79
-137
-133
-103
-102
-52
-91
-61
-156
-113
-103
-86
-75
-76
-36
-126
-2
-151
-147
-96
-79
-70
-105
-146
-20
-144
-127
-43
-72
-176
-68
-85
-147
-96
-101
-72
-157
-80
-100
-147
-71
-109
-78
-132
-57
-88
-152
-82
-162
-176
-53
-92
-74
-72
-101
-187
-53
-68
-94
-144
-158
-110
-92
-128
-87
-99
-166
-164
-52
-145
-53
-159
-84
-77
-49
-53
-74
-62
-184
-97
-101
-79
-82
-56
-121
-60
-160
-79
-155
-127
-114
-66
-80
-112
-58
-153
-86
-125
-148
-143
-196
-70
-11
-80
-106
-154
-92
-67
-79
-183
-132
-36
-92
-74
-139
-83
-63
-152
-104
-123
-98
-147
-176
-107
-84
-80
-102
-59
-99
-65
-114
-79
-126
-108
-104
-60
-135
-163
-155
-124
-105
-65
-27
-141
-35
-91
-148
-136
-106
-72
-19
-177
-85
-90
-207
-109
-104
-58
-31
-177
-114
-58
-105
-125
-99
-78
-147
-121
-131
-151
-75
-73
-60
-86
-126
-104
-147
-132
-92
-87
-86
-84
-84
-97
-18
-93
-98
-128
-57
-158
-68
-90
-207
-74
-118
-70
-75
-80
-97
-112
-35
-123
-95
-122
-131
-91
-96
-91
-109
-90
-121
-26
-128
-140
-23
-90
-96
-129
-189
-31
-55
-136
-81
-97
-99
-63
-122
-165
-167
-81
-114
-170
-45
-157
-74
-98
-100
-117
-156
-50
-91
-147
-110
-106
-92
-93
-33
-120
-76
-129
-96
-65
-88
-136
-78
-70
-122
-38
-72
-129
-144
-124
-119
-74
-163
-113
-15
-87
-79
-81
-103
-104
-134
-79
-147
-63
-70
-77
-174
-115
-139
-149
-196
-111
-72
-141
-130
-31
-128
-137
-23
-160
-195
-152
-133
-153
-42
-51
-70
-162
-141
-96
-159
-175
-165
-126
-82
-113
-62
-18
-142
-84
-95
-104
-149
-155
-98
-91
-146
-142
-113
-166
-81
-75
-125
-98
-104
-72
-74
-139
-97
-104
-118
-131
-130
-73
-149
-122
-53
-119
-110
-119
-78
-118
-42
-64
-133
-76
-119
-21
-81
-34
-82
-150
-106
-90
-90
-114
-79
-180
-79
-147
-144
-134
-103
-75
-151
-124
-97
-94
-82
-179
-79
-119
-72
-83
-70
-90
-73
-81
-123
-112
-155
-115
-93
-164
-95
-104
-18
-162
-129
-144
-105
-79
-97
-72
-73
-148
-145
-127
-139
-91
-92
-73
-85
-90
-89
-73
-144
-141
-122
-83
-116
-69
-172
-134
-123
-121
-122
-135
-88
-100
-75
-39
-232
-98
-140
-151
-36
-137
-203
-76
-68
-43
-101
-127
-90
-106
-48
-102
-81
-160
-131
-193
-150
-128
-71
-149
-119
-149
-99
-74
-108
-93
-41
-89
-123
-15
-26
-75
-39
-69
-108
-133
-92
-209
-86
-145
-90
-38
-123
-60
-58
-20
-31
-79
-47
-127
-106
-108
-138
-78
-85
-139
-107
-78
-33
-42
-91
-63
-78
-108
-74
-57
-54
-134
-141
-19
-91
-149
-104
-80
-110
-89
-53
-76
-134
-94
-81
-85
-181
-110
-70
-175
-16
-150
-127
-92
-96
-144
-85
-98
-133
-108
-78
-37
-137
-98
-98
-120
-120
-65
-152
-103
-136
-76
-148
-128
-120
-150
-152
-168
-171
-95
-39
-77
-173
-101
-81
-159
-93
-181
-112
-42
-133
-104
-72
-94
-113
-172
-156
-78
-67
-93
-189
-76
-139
-96
-58
-149
-111
-75
-155
-54
-74
-86
-80
-144
-116
-127
-77
-101
-182
-93
-97
-112
-72
-122
-78
-89
-81
-96
-117
-19
-140
-105
-140
-72
-105
-82
-77
-53
-117
-122
-135
-77
-74
-137
-98
-29
-144
-90
-99
-126
-67
-78
-122
-39
-108
-69
-140
-32
-162
-69
-115
-70
-108
-71
-126
-166
-152
-157
-109
-150
-79
-105
-182
-143
-176
-167
-25
-81
-78
-107
-130
-83
-121
-131
-70
-149
-83
-96
-72
-126
-169
-102
-112
-154
-126
-103
-145
-74
-115
-89
-170
-143
-139
-192
-107
-128
-105
-119
-143
-123
-60
-112
-148
-90
-126
-83
-151
-181
-178
-28
-150
-170
-199
-80
-171
-142
-144
-186
-107
-43
-102
-101
-107
-115
-109
-90
-127
-159
-175
-51
-129
-143
-62
-76
-148
-149
-169
-73
-77
-120
-105
-146
-83
-77
-127
-127
-114
-64
-111
-99
-151
-173
-170
-162
-139
-156
-121
-138
-125
-101
-87
-113
-102
-80
-121
-140
-100
-94
-103
-136
-74
-152
-101
-120
-20
-86
-74
-76
-115
-126
-110
-170
-142
-114
-94
-72
-184
-80
-95
-55
-177
-107
-135
-102
-108
-116
-132
-30
-135
-145
-68
-54
-105
-112
-80
-158
-143
-110
-128
-107
-108
-17
-87
-135
-88
-136
-75
-53
-105
-68
-60
-140
-105
-68
-160
-103
-140
-86
-95
-119
-98
-70
-124
-175
-72
-112
-69
-104
-153
-102
-140
-83
-99
-164
-73
-114
-121
-70
-88
-43
-185
-89
-72
-126
-16
-106
-95
-46
-93
-103
-134
-124
-78
-78
-186
-128
-109
-157
-144
-117
-136
-123
-74
-93
-146
-152
-61
-127
-144
-68
-177
-88
-132
-190
-80
-24
-208
-124
-115
-76
-66
-114
-29
-68
-104
-117
-70
-167
-81
-86
-195
-77
-79
-76
-118
-111
-134
-127
-32
-133
-88
-142
-96
-111
-141
-17
-139
-101
-84
-141
-96
-108
-142
-122
-112
-142
-145
-178
-101
-99
-25
-75
-140
-144
-145
-120
-97
-133
-105
-29
-86
-82
-164
-150
-106
-161
-129
-74
-127
-97
-121
-106
-71
-150
-87
-161
-9
-27
-70
-112
-75
-187
-123
-152
-117
-74
