-150
-100
-96
-115
-141
-164
-63
-123
-107
-124
-15
-145
-61
-134
-91
-145
-194
-81
-117
-161
-98
-11
-156
-180
-109
-129
-147
-118
-89
-81
-87
-113
-85
-111
-148
-114
-98
-82
-76
-128
-109
-51
-109
-164
-111
-38
-160
-132
-157
-160
-142
-52
-103
-38
-95
-132
-73
-95
-91
-122
-119
-78
-170
-75
-128
-90
-82
-152
-77
-94
-96
-141
-104
-158
-122
-58
-99
-97
-35
-128
-164
-79
-152
-75
-114
-131
-141
-76
-79
-130
-177
-122
-141
-46
-177
-149
-201
-156
-97
-151
-23
-85
-153
-132
-184
-101
-104
-110
-138
-116
-134
-114
-98
-94
-116
-122
-99
-109
-53
-128
-87
-157
-14
-103
-142
-104
-81
-120
-67
-119
-40
-78
-92
-67
-141
-159
-76
-97
-156
-17
-147
-179
-116
-84
-55
-162
-161
-82
-80
-152
-76
-62
-113
-85
-74
-78
-77
-156
-159
-123
-143
-181
-98
-161
-95
-102
-10
-103
-66
-110
-156
-89
-79
-132
-145
-110
-98
-122
-58
-118
-89
-132
-80
-122
-158
-58
-151
-81
-95
-12
-135
-22
-120
-99
-99
-193
-126
-112
-149
-157
-172
-118
-105
-100
-86
-120
-146
-118
-127
-25
-91
-94
-85
-112
-81
-112
-101
-149
-85
-163
-55
-157
-50
-138
-138
-98
-153
-85
-108
-132
-72
-97
-131
-148
-81
-173
-108
-31
-153
-153
-139
-36
-87
-128
-31
-153
-89
-168
-82
-160
-95
-137
-17
-41
-160
-127
-76
-104
-118
-88
-155
-124
-160
-42
-124
-119
-137
-110
-97
-80
-137
-103
-77
-65
-119
-142
-89
-179
-111
-125
-155
-119
-216
-129
-170
-158
-24
-115
-162
-111
-125
-110
-67
-107
-178
-195
-96
-124
-89
-72
-91
-130
-89
-96
-128
-104
-82
-81
-65
-137
-109
-111
-125
-154
-25
-112
-91
-86
-158
-80
-122
-84
-130
-181
-79
-148
-55
-184
-84
-119
-121
-127
-99
-126
-104
-139
-113
-46
-73
-101
-119
-101
-81
-113
-86
-127
-78
-86
-96
-128
-16
-142
-27
-106
-127
-128
-105
-114
-112
-110
-64
-133
-56
-143
-72
-103
-184
-104
-117
-185
-117
-82
-104
-137
-144
-71
-37
-26
-124
-70
-79
-143
-155
-55
-123
-102
-81
-99
-107
-125
-89
-152
-87
-125
-165
-145
-111
-83
-93
-142
-124
-150
-123
-149
-125
-16
-133
-22
-77
-130
-40
-72
-188
-135
-126
-130
-80
-86
-80
-81
-113
-30
-92
-116
-79
-95
-111
-79
-118
-155
-17
-77
-83
-128
-114
-102
-168
-119
-35
-104
-75
-112
-150
-41
-111
-74
-149
-89
-126
-166
-140
-148
-122
-156
-82
-128
-207
-13
-36
-94
-143
-118
-110
-33
-30
-143
-81
-104
-102
-82
-154
-104
-79
-81
-78
-104
-86
-111
-26
-122
-124
-34
-89
-148
-175
-111
-93
-36
-128
-115
-74
-120
-83
-57
-165
-67
-136
-71
-119
-152
-71
-78
-226
-71
-104
-61
-113
-101
-196
-146
-112
-118
-120
-141
-104
-144
-104
-167
-98
-170
-124
-137
-31
-130
-61
-62
-103
-107
-82
-107
-133
-139
-82
-90
-130
-77
-76
-179
-81
-113
-143
-84
-177
-118
-133
-66
-147
-81
-87
-120
-167
-37
-88
-70
-193
-115
-106
-91
-83
-74
-86
-72
-169
-96
-77
-102
-32
-98
-167
-37
-83
-76
-26
-82
-171
-131
-124
-95
-142
-132
-156
-75
-102
-130
-94
-54
-125
-160
-78
-63
-77
-120
-81
-111
-158
-88
-76
-114
-14
-96
-106
-42
-128
-121
-114
-74
-119
-128
-76
-139
-141
-102
-82
-143
-162
-14
-102
-64
-189
-92
-135
-71
-95
-72
-115
-174
-107
-119
-36
-16
-125
-125
-205
-175
-115
-127
-86
-156
-78
-46
-113
-182
-155
-147
-125
-100
-123
-94
-76
-136
-35
-51
-140
-73
-139
-101
-86
-116
-182
-62
-75
-168
-106
-104
-76
-107
-90
-76
-72
-162
-149
-43
-112
-99
-78
-67
-102
-151
-114
-62
-87
-43
-71
-62
-105
-100
-53
-129
-113
-42
-49
-134
-82
-124
-29
-41
-124
-104
-31
-91
-73
-22
-30
-177
-121
-24
-90
-87
-132
-134
-140
-115
-74
-127
-78
-97
-176
-109
-149
-122
-133
-141
-78
-68
-81
-87
-194
-83
-125
-111
-128
-169
-153
-84
-94
-75
-98
-158
-97
-73
-26
-122
-126
-163
-86
-76
-85
-93
-116
-154
-78
-20
-112
-154
-76
-196
-158
-31
-178
-163
-79
-62
-143
-137
-30
-108
-69
-127
-76
-127
-43
-102
-128
-135
-169
-90
-84
-62
-122
-19
-159
-82
-75
-50
-86
-130
-66
-61
-114
-159
-135
-143
-152
-157
-77
-37
-170
-155
-126
-34
-124
-159
-113
-85
-74
-77
-129
-76
-117
-172
-112
-124
-130
-110
-168
-107
-64
-110
-84
-77
-102
-14
-137
-171
-97
-98
-178
-116
-130
-56
-127
-113
-101
-154
-95
-83
-84
-163
-173
-47
-124
-70
-153
-110
-138
-79
-110
-50
-90
-119
-62
-132
-134
-92
-133
-63
-88
-96
-129
-142
-148
-85
-113
-62
-162
-138
-127
-129
-63
-49
-109
-55
-70
-39
-131
-127
-187
-31
-165
-51
-87
-100
-116
-112
-35
-111
-142
-119
-145
-143
-74
-139
-108
-37
-67
-210
-190
-82
-77
-115
-104
-105
-100
-19
-154
-79
-118
-89
-156
-111
-74
-90
-167
-103
-125
-80
-99
-118
-142
-145
-79
-107
-108
-100
-21
-24
-22
-134
-107
-190
-103
-94
-94
-17
-141
-107
-139
-61
-35
-158
-121
-90
-115
-97
-124
-213
-76
-77
-140
-74
-200
-110
-149
-152
-150
-163
-191
-181
-100
-119
-83
-117
-171
-126
-147
-127
-127
-105
-163
-9
-84
-77
-94
-58
-114
-88
-107
-123
-94
-102
-148
-112
-118
-156
-93
-125
-76
-112
-106
-119
-136
-50
-108
-102
-143
-157
-76
-111
-157
-120
-144
-127
-140
-154
-145
-38
-57
-69
-69
-128
-91
-165
-87
-139
-88
-76
-48
-122
-85
-150
-147
-103
-81
-71
-102
-122
-124
-126
-75
-139
-141
-158
-140
-116
-113
-91
-37
-76
-128
-115
-87
-73
-182
-91
-78
-165
-69
-123
-128
-119
-107
-109
-81
-109
-101
-118
-160
-147
-113
-62
-84
-145
-109
-171
-95
-87
-98
-114
-61
-110
-47
-73
-109
-92
-80
-119
-76
-62
-164
-81
-52
-159
-120
-138
-176
-116
-68
-102
-99
-126
-96
-147
-63
-190
-145
-48
-34
-170
-83
-94
-75
-107
-48
-146
-85
-154
-94
-79
-118
-105
-128
-78
-79
-164
-108
-91
-96
-109
-156
-187
-125
-97
-129
-102
-72
-123
-76
-136
-77
-170
-13
-100
-115
-79
-145
-78
-56
-65
-42
-141
-102
-148
-38
-158
-68
-155
-93
-141
-128
-141
-121
-61
-50
-34
-129
-38
-50
-159
-112
-95
-174
-131
-151
-126
-89
-37
-144
-201
-84
-28
-153
-128
-117
-80
-98
-193
-120
-129
-129
-49
-90
-47
-71
-78
-171
-204
-74
-122
-69
-78
-27
-75
-115
-77
-192
-48
-146
-101
-25
-75
-166
-90
-122
-77
-170
-157
-100
-147
-97
-77
-75
-167
-98
-127
-39
-52
-138
-188
-176
-99
-152
-148
-96
-90
-132
-8
-35
-72
-170
-142
-82
-140
-121
-189
-130
-132
-87
-63
-110
-83
-56
-104
-103
-88
-48
-133
-38
-116
-48
-121
-115
-126
-99
-117
-78
-113
-116
-136
-144
-92
-99
-115
-74
-142
-98
-81
-165
-126
-103
-36
-72
-177
-70
-88
-71
-164
-76
-60
-95
-152
-94
-79
-171
-135
-122
-57
-152
-196
-80
-111
-77
-189
-103
-103
-68
-132
-85
-153
-152
-57
-46
-91
-67
-119
-128
-166
-115
-151
-143
-95
-76
-107
-180
-21
-105
-37
-97
-99
-57
-79
-22
-93
-109
-80
-74
-109
-83
-106
-123
-105
-79
-121
-120
-92
-131
-74
-83
-138
-92
-74
-100
-78
-79
-169
-104
-97
-80
-128
-139
-142
-192
-91
-124
-148
-137
-222
-74
-142
-39
-147
-185
-138
-74
-113
-77
-177
-140
-80
-152
-41
-106
-125
-84
-66
-127
-38
-90
-90
-113
-149
-101
-92
-123
-129
-92
-138
-114
-74
-94
-113
-74
-151
-81
-144
-85
-133
-63
-115
-97
-44
-92
-38
-86
-41
-117
-126
-80
-105
-9
-84
-160
-81
-166
-123
-93
-84
-104
-24
-89
-78
-76
-152
-95
-134
-112
-74
-105
-118
-95
-118
-79
-124
-118
-102
-21
-65
-159
-76
-52
-92
-170
-111
-86
-111
-30
-143
-110
-129
-134
-99
-94
-110
-144
-73
-120
-30
-155
-70
-92
-165
-160
-94
-87
-154
-161
-100
-127
-161
-73
-121
-120
-98
-76
-73
-73
-112
-181
-77
-94
-47
-103
-110
-46
-90
-154
-139
-115
-31
-117
-83
-169
-87
-54
-57
-137
-122
-203
-57
-85
-187
-134
-27
-47
-146
-87
-128
-101
-35
-91
-127
-79
-80
-101
-85
-100
-133
-116
-81
-119
-107
-151
-115
-87
-88
-32
-133
-83
-64
-93
-110
-90
-134
-109
-95
-138
-93
-151
-158
-129
-106
-70
-13
-26
-143
-53
-184
-79
-107
-137
-118
-162
-109
-140
-163
-156
-67
-46
-96
-71
-78
-113
-89
-108
-8
-93
-98
-102
-111
-126
-122
-76
-85
-56
-51
-56
-44
-100
-123
-163
-217
-129
-117
-180
-98
-93
-146
-149
-129
-137
-165
-34
-121
-109
-120
-207
-65
-160
-136
-23
-43
-123
-84
-101
-160
-117
-146
-108
-170
-134
-60
-109
-113
-106
-106
-151
-91
-167
-118
-145
-188
-91
-31
-156
-153
-23
-154
-99
-72
-134
-143
-73
-169
-124
-103
-75
-142
-48
-205
-37
-167
-105
-104
-58
-163
-155
-143
-108
-177
-106
-79
-51
-47
-167
-90
-146
-98
-124
-80
-122
-102
-124
-21
-76
-103
-201
-126
-112
-77
-71
-107
-132
-27
-118
-79
-126
-24
-117
-116
-88
-84
-73
-82
-125
-115
-77
-135
-75
-174
-51
-129
-94
-153
-77
-103
-153
-38
-85
-73
-48
-105
-138
-146
-159
-128
-53
-94
-120
-135
-139
-146
-66
-171
-99
-102
-58
-74
-102
-72
-119
-168
-65
-122
-126
-134
-147
-100
-74
-122
-132
-126
-153
-114
-146
-152
-164
-70
-104
-132
-79
-149
-74
-138
-112
-165
-96
-126
-147
-124
-72
-95
-138
-73
-163
-31
-92
-145
-94
-159
-75
-72
-195
-78
-49
-99
-139
-144
-143
-135
-98
-149
-182
-85
-79
-140
-69
-62
-109
-144
-102
-85
-139
-167
-94
-52
-74
-100
-159
-167
-30
-109
-117
-49
-85
-69
-63
-99
-71
-76
-145
-45
-119
-81
-67
-116
-89
-177
-145
-144
-80
-105
-45
-106
-121
-74
-113
-180
-78
-60
-147
-136
-108
-133
-104
-163
-124
-109
-77
-104
-118
-85
-101
-139
-147
-139
-211
-164
-87
-70
-87
-89
-96
-190
-33
-80
-51
-114
-73
-91
-86
-82
-46
-78
-48
-22
-78
-67
-116
-120
-98
-74
-93
-88
-153
-79
-40
-160
-26
-106
-162
-196
-127
-158
-115
-169
-45
-67
-36
-123
-96
-80
-123
-83
-70
-104
-90
-85
-37
-113
-146
-113
-128
-50
-134
-95
-73
-172
-152
-96
-108
-180
-79
-152
-110
-37
-120
-165
-60
-103
-97
-74
-66
-40
-135
-83
-120
-118
-153
-67
-96
-19
-116
-70
-162
-107
-98
-123
-110
-169
-56
-76
-87
-91
-109
-78
-133
-107
-77
-55
-67
-138
-74
-111
-86
-149
-87
-72
-114
-92
-140
-75
-171
-146
-85
-75
-36
-108
-117
-149
-76
-93
-65
-122
-114
-164
-70
-76
-93
-66
-136
-155
-102
-126
-111
-81
-73
-135
-73
-85
-134
-154
-148
-92
-29
-85
-176
-166
-83
-138
-84
-180
-188
-173
-76
-215
-87
-89
-83
-168
-76
-95
-105
-83
-92
-172
-67
-42
-154
-48
-135
-104
-114
-85
-130
-81
-8
-122
-123
-101
-126
-100
-55
-96
-125
-95
-44
-108
-66
-25
-74
-131
-131
-140
-95
-69
-141
-147
-193
-78
-137
-156
-97
-123
-182
-120
-77
-80
-64
-48
-82
-75
-147
-158
-132
-122
-115
-94
-95
-103
-163
-53
-77
-106
-155
-109
-194
-74
-151
-59
-87
-105
-94
-131
-114
-75
-141
-54
-76
-77
-111
-45
-146
-161
-110
-144
-173
-71
-137
-76
-185
-66
-112
-122
-95
-79
-119
-186
-86
-99
-109
-118
-120
-95
-18
-127
-99
-127
-73
-79
-59
-173
-44
-98
-76
-141
-47
-83
-149
-153
-115
-108
-75
-110
-151
-49
-78
-114
-47
-94
-76
-81
-129
-146
-131
-120
-72
-134
-15
-78
-115
-107
-79
-98
-199
-170
-161
-142
-77
-146
-72
-29
-68
-168
-141
-15
-53
-79
-96
-96
-102
-106
-150
-74
-95
-117
-93
-84
-37
-147
-37
-121
-123
-74
-136
-104
-36
-58
-74
-59
-72
-138
-124
-100
-55
-116
-96
-113
-110
-123
-147
-151
-142
-131
-81
-143
-168
-97
-73
-78
-47
-137
-107
-97
-91
-112
-176
-148
-92
-149
-69
-99
-125
-57
-101
-114
-75
-159
-43
-99
-118
-120
-116
-159
-136
-169
-18
-112
-198
-51
-78
-119
-33
-101
-121
-29
-73
-96
-102
-130
-188
-45
-72
-119
-128
-50
-127
-107
-137
-183
-175
-107
-106
-58
-173
-131
-120
-153
-105
-152
-167
-123
-95
-174
-71
-42
-87
-48
-14
-141
-170
-32
-99
-94
-113
-177
-90
-149
-89
-77
-157
-138
-155
-53
-47
-159
-119
-151
-137
-30
-89
-175
-178
-51
-122
-103
-48
-89
-82
-118
-127
-135
-181
-153
-66
-141
-153
-80
-74
-119
-48
-103
-155
-148
-46
-191
-78
-73
-84
-131
-172
-118
-113
-28
-87
-189
-99
-141
-163
-11
-145
-102
-88
-90
-32
-167
-161
-49
-192
-151
-100
-60
-89
-85
-165
-49
-112
-114
-100
-22
-134
-117
-36
-176
-136
-104
-108
-100
-37
-107
-72
-141
-124
-41
-99
-88
-96
-93
-93
-123
-118
-40
-81
-187
-126
-58
-171
-28
-53
-151
-95
-109
-18
-104
-56
-91
-75
-96
-117
-87
-141
-51
-118
-62
-102
-164
-90
-173
-89
-64
-76
-77
-133
-143
-110
-92
-148
-127
-55
-68
-134
-73
-133
-111
-79
-108
-71
-130
-154
-52
-149
-130
-126
-12
-104
-146
-82
-89
-70
-153
-74
-136
-79
-136
-115
-135
-78
-82
-125
-156
-34
-118
-18
-142
-82
-111
-76
-35
-164
-85
-69
-83
-163
-87
-52
-97
-178
-196
-155
-144
-154
-44
-81
-73
-183
-133
-118
-156
-77
-134
-82
-88
-13
-91
-116
-133
-174
-96
-21
-147
-87
-55
-107
-142
-112
-37
-163
-126
-114
-151
-91
-103
-145
-162
-80
-62
-94
-42
-85
-39
-77
-83
-94
-124
-164
-114
-54
-145
-121
-140
-111
-111
-175
-97
-136
-139
-83
-53
-176
-124
-166
-150
-101
-72
-93
-163
-20
-164
-113
-74
-143
-71
-177
-38
-69
-93
-34
-90
-163
-132
-86
-112
-48
-148
-142
-74
-136
-71
-129
-104
-37
-126
-67
-112
-89
-158
-114
-100
-86
-129
-130
-104
-81
-155
-118
-134
-94
-88
-172
-123
-159
-116
-61
-138
-77
-140
-147
-72
-120
-51
-51
-91
-81
-163
-146
-170
-145
-110
-36
-96
-118
-117
-97
-78
-133
-73
-39
-48
-136
-174
-124
-119
-78
-103
-122
-107
-98
-117
-17
-60
-82
-159
-106
-93
-133
-188
-179
-78
-146
-77
-174
-16
-153
-140
-25
-66
-108
-71
-94
-141
-40
-48
-71
-124
-160
-35
-102
-89
-69
-78
-68
-48
-107
-76
-159
-78
-119
-129
-153
-7
-119
-108
-129
-74
-132
-90
-179
-135
-68
-137
-74
-97
-92
-156
-107
-79
-129
-130
-99
-42
-76
-117
-134
-117
-185
-34
-85
-135
-74
-70
-162
-109
-101
-103
-157
-136
-130
-53
-95
-148
-138
-28
-145
-131
-73
-165
-78
-167
-71
-95
-79
-14
-43
-68
-103
-137
-24
-54
-136
-129
-78
-143
-79
-65
-132
-23
-91
-142
-75
-87
-114
-159
-77
-149
-69
-160
-150
-106
-144
-104
-83
-52
-75
-89
-134
-79
-99
-117
-114
-140
-81
-160
-161
-68
-108
-174
-79
-169
-109
-52
-62
-55
-141
-93
-157
-139
-140
-116
-112
-105
-46
-112
-136
-155
-159
-89
-91
-102
-91
-128
-92
-108
-139
-114
-112
-81
-209
-148
-158
-133
-121
-143
-52
-108
-112
-77
-124
-30
-171
-79
-76
-78
-25
-132
-66
-74
-77
-101
-153
-94
-74
-68
-149
-90
-38
-82
-155
-14
-35
-86
-52
-113
-190
-41
-49
-79
-70
-193
-99
-172
-121
-128
-27
-102
-157
-89
-137
-164
-157
-124
-85
-76
-76
-154
-87
-102
-119
-82
-83
-110
-84
-56
-65
-68
-68
-162
-89
-53
-132
-138
-4
-128
-130
-31
-52
-179
-151
-74
-204
-153
-76
-116
-112
-139
-148
-70
-110
-110
-92
-194
-108
-175
-108
-119
-155
-23
-107
-150
-122
-146
-92
-135
-130
-142
-163
-5
-86
-78
-104
-116
-32
-100
-79
-107
-129
-148
-72
-177
-105
-115
-123
-129
-124
-117
-70
-111
-143
-32
-81
-84
-164
-98
-86
-52
-142
-65
-98
-194
-64
-87
-78
-83
-121
-169
-98
-81
-197
-73
-159
-91
-61
-116
-171
-176
-106
-64
-119
-78
-154
-149
-70
-90
-90
-32
-75
-161
-100
-78
-166
-79
-93
-185
-152
-79
-98
-169
-92
-122
-75
-91
-116
-76
-75
-88
-106
-184
-135
-111
-75
-34
-67
-26
-125
-166
-29
-102
-186
-42
-156
-94
-90
-138
-79
-152
-103
-148
-64
-100
-79
-101
-170
-181
-107
-149
-102
-163
-80
-122
-13
-89
-110
-72
-70
-125
-156
-41
-101
-150
-73
-177
-164
-83
-124
-76
-47
-58
-157
-81
-80
-156
-124
-94
-50
-52
-33
-101
-95
-110
-173
-102
-176
-149
-73
-120
-63
-120
-166
-130
-95
-106
-111
-148
-135
-118
-105
-83
-96
-150
-57
-92
-93
-121
-99
-110
-204
-168
-112
-97
-49
-91
-79
-80
-104
-168
-94
-89
-24
-79
-122
-28
-104
-75
-119
-162
-161
-118
-79
-72
-91
-146
-169
-87
-73
-60
-127
-77
-22
-79
-151
-58
-61
-65
-87
-111
-181
-168
-101
-112
-28
-16
-93
-112
-174
-143
-95
-45
-142
-122
-142
-132
-157
-111
-119
-184
-61
-47
-98
-140
-86
-127
-170
-100
-73
-105
-70
-159
-152
-132
-106
-121
-65
-17
-156
-130
-100
-161
-177
-187
-116
-25
-112
-20
-77
-81
-123
-32
-10
-127
-198
-144
-120
-112
-152
-86
-160
-120
-79
-108
-22
-86
-97
-107
-77
-103
-87
-133
-93
-43
-124
-101
-188
-52
-165
-124
-39
-178
-163
-81
-111
-25
-135
-181
-97
-161
-73
-111
-102
-202
-76
-19
-75
-71
-137
-36
-89
-100
-101
-122
-86
-121
-72
-66
-149
-156
-173
-188
-128
-20
-106
-38
-104
-119
-143
-141
-90
-82
-64
-154
-75
-146
-64
-93
-91
-103
-79
-92
-31
-87
-91
-101
-105
-95
-110
-109
-45
-8
-74
-22
-188
-73
-99
-167
-122
-110
-23
-103
-175
-125
-90
-116
-98
-116
-165
-116
-171
-137
-90
-110
-109
-87
-100
-125
-148
-107
-65
-96
-207
-105
-84
-66
-154
-111
-75
-19
-145
-82
-67
-64
-90
-117
-102
-133
-161
-123
-165
-125
-141
-127
-129
-119
-120
-72
-93
-152
-19
-160
-76
-115
-86
-27
-117
-33
-148
-69
-150
-135
-24
-46
-106
-137
-84
-94
-101
-69
-98
-74
-114
-110
-112
-127
-114
-90
-98
-180
-83
-113
-116
-95
-20
-162
-153
-163
-106
-117
-80
-100
-153
-145
-94
-110
-134
-155
-132
-96
-110
-105
-77
-147
-66
-87
-59
-84
-55
-124
-77
-106
-118
-54
-67
-94
-72
-29
-60
-145
-91
-154
-83
-42
-70
-63
-98
-98
-79
-136
-94
-34
-166
-38
-86
-126
-50
-145
-168
-96
-68
-150
-116
-103
-186
-87
-94
-153
-142
-119
-183
-137
-121
-126
-59
-92
-76
-136
-130
-8
-75
-70
-147
-108
-34
-86
-77
-81
-134
-173
-104
-163
-137
-136
-80
-100
-120
-8
-85
-136
-51
-103
-75
-201
-159
-82
-149
-36
-193
-96
-154
-148
-133
-78
-125
-151
-45
-125
-165
-141
-175
-63
-137
-126
-98
-67
-112
-79
-97
-135
-108
-89
-21
-154
-86
-99
-124
-75
-149
-25
-116
-125
-147
-71
-32
-41
-71
-91
-115
-62
-109
-176
-89
-19
-105
-24
-72
-110
-78
-103
-102
-78
-91
-178
-70
-126
-170
-82
-126
-21
-90
-133
-99
-77
-140
-153
-76
-29
-113
-108
-156
-128
-101
-36
-103
-144
-151
-162
-114
-76
-87
-77
-140
-158
-107
-97
-162
-12
-73
-71
-28
-96
-115
-137
-67
-120
-187
-76
-24
-98
-99
-164
-40
-153
-188
-82
-182
-78
-15
-74
-97
-18
-101
-88
-93
-137
-117
-124
-25
-104
-134
-128
-171
-213
-173
-90
-73
-35
-49
-76
-97
-108
-168
-76
-104
-89
-92
-136
-141
-111
-91
-16
-74
-74
-96
-136
-98
-52
-134
-72
-126
-180
-157
-102
-69
-135
-125
-70
-101
-118
-116
-179
-72
-79
-144
-22
-67
-119
-105
-78
-189
-99
-78
-134
-76
-168
-153
-76
-35
-32
-126
-148
-95
-141
-138
-206
-98
-78
-92
-132
-158
-19
-97
-134
-141
-135
-108
-150
-86
-155
-111
-81
-108
-134
-71
-127
-76
-70
-83
-79
-114
-75
-167
-18
-107
-126
-21
-114
-32
-149
-132
-200
-163
-83
-111
-211
-73
-176
-154
-133
-99
-140
-116
-110
-146
-102
-70
-69
-37
-67
-71
-91
-138
-152
-187
-76
-47
-157
-107
-133
-80
-121
-130
-110
-159
-94
-110
-102
-130
-132
-150
-83
-90
-107
-157
-179
-140
-120
-93
-126
-81
-128
-165
-76
-119
-121
-109
-131
-144
-79
-25
-155
-97
-10
-157
-120
-133
-20
-111
-77
-142
-200
-153
-159
-166
-97
-135
-141
-89
-169
-104
-138
-109
-136
-161
-59
-61
-72
-155
-112
-130
-94
-93
-32
-163
-41
-102
-166
-113
-107
-136
-131
-67
-80
-111
-128
-135
-74
-136
-173
-99
-109
-86
-132
-21
-156
-120
-121
-121
-78
-109
-99
-127
-123
-69
-108
-37
-43
-62
-120
-164
-144
-178
-30
-58
-96
-32
-141
-146
-111
-197
-103
-64
-161
-87
-53
-19
-124
-102
-131
-98
-100
-76
-163
-150
-78
-103
-74
-185
-88
-115
-91
-96
-125
-175
-141
-101
-144
-117
-87
-72
-81
-168
-119
-43
-53
-82
-212
-192
-99
-110
-76
-85
-72
-123
-126
-66
-59
-73
-84
-155
-73
-77
-14
-156
-131
-103
-75
-81
-67
-142
-59
-99
-100
-72
-97
-68
-166
-116
-114
-90
-130
-73
-150
-105
-109
-131
-151
-133
-136
-112
-148
-129
-111
-96
-132
-129
-91
-111
-79
-144
-157
-111
-66
-20
-73
-118
-161
-152
-147
-98
-183
-94
-50
-32
-87
-140
-178
-84
-104
-53
-149
-105
-81
-81
-102
-81
-213
-155
-97
-108
-124
-106
-15
-67
-85
-72
-136
-119
-137
-197
-113
-43
-94
-94
-129
-148
-112
-127
-80
-159
-34
-115
-105
-161
-100
-129
-153
-197
-169
-46
-129
-126
-179
-172
-120
-117
-101
-93
-72
-52
-179
-61
-134
-145
-172
-137
-138
-176
-86
-130
-13
-135
-69
-152
-154
-151
-151
-135
-82
-104
-76
-162
-110
-128
-104
-68
-97
-104
-86
-129
-127
-61
-67
-80
-114
-181
-113
-58
-89
-142
-102
-75
-50
-82
-42
-37
-119
-176
-128
-93
-76
-80
-181
-139
-75
-146
-179
-124
-121
-122
-74
-116
-127
-186
-68
-104
-77
-88
-99
-130
-89
-70
-145
-22
-93
-142
-110
-156
-161
-143
-119
-171
-76
-87
-56
-98
-115
-51
-41
-187
-141
-127
-78
-64
-105
-96
-91
-119
-84
-80
-135
-84
-142
-156
-86
-75
-108
-131
-80
-93
-128
-122
-92
-96
-92
-79
-141
-205
-115
-134
-76
-81
-74
-82
-188
-101
-105
-73
-58
-116
-73
-18
-93
-63
-103
-136
-62
-95
-122
-42
-80
-41
-74
-96
-149
-162
-29
-7
-94
-136
-46
-73
-60
-77
-87
-202
-104
-194
-96
-75
-156
-165
-105
-83
-107
-41
-78
-102
-142
-118
-171
-28
-79
-74
-111
-166
-110
-181
-70
-186
-124
-54
-95
-116
-53
-116
-74
-13
-84
-79
-103
-75
-70
-61
-69
-149
-89
-130
-150
-60
-135
-116
-125
-127
-31
-36
-12
-38
-124
-115
-110
-206
-78
-76
-91
-78
-167
-67
-88
-100
-85
-155
-127
-49
-3
-55
-85
-143
-94
-72
-81
-66
-77
-76
-87
-143
-61
-95
-84
-77
-174
-106
-80
-24
-161
-76
-74
-57
-76
-170
-103
-144
-125
-117
-103
-197
-126
-84
-77
-94
-45
-75
-88
-88
-98
-117
-111
-69
-75
-36
-114
-73
-65
-124
-153
-129
-179
-63
-79
-131
-90
-174
-157
-105
-78
-100
-158
-121
-133
-75
-129
-119
-104
-80
-148
-105
-83
-59
-153
-80
-135
-85
-47
-98
-9
-56
-105
-69
-99
-33
-143
-98
-41
-139
-109
-152
-167
-81
-131
-131
-45
-107
-53
-191
-92
-56
-110
-72
-131
-125
-165
-110
-70
-143
-101
-83
-95
-23
-78
-69
-56
-101
-117
-49
-176
-56
-39
-37
-102
-141
-170
-83
-123
-66
-108
-138
-126
-139
-84
-145
-78
-79
-77
-80
-111
-57
-146
-165
-159
-132
-151
-147
-99
-158
-153
-195
-59
-129
-156
-59
-30
-122
-68
-188
-67
-110
-84
-83
-158
-130
-124
-144
-113
-128
-111
-110
-142
-144
-104
-81
-121
-163
-220
-100
-167
-119
-78
-157
-84
-182
-78
-148
-128
-104
-81
-76
-79
-64
-110
-134
-139
-84
-77
-94
-59
-92
-54
-146
-86
-118
-131
-7
-104
-149
-91
-140
-175
-94
-122
-75
-95
-148
-90
-148
-76
-61
-104
-169
-77
-103
-99
-72
-105
-18
-72
-123
-171
-88
-113
-115
-110
-166
-143
-125
-134
-43
-98
-125
-84
-112
-146
-138
-70
-80
-120
-74
-22
-156
-154
-105
-146
-84
-64
-93
-93
-185
-117
-49
-17
-88
-122
-58
-168
-88
-84
-81
-23
-94
-152
-86
-56
-34
-106
-119
-170
-177
-91
-145
-80
-104
-105
-99
-131
-170
-22
-22
-92
-55
-70
-78
-85
-140
-76
-152
-153
-195
-88
-111
-65
-80
-227
-159
-50
-79
-167
-94
-72
-104
-117
-109
-89
-188
-86
-122
-111
-183
-105
-105
-95
-52
-140
-48
-150
-41
-178
-106
-148
-78
-121
-15
-119
-124
-129
-104
-78
-26
-201
-156
-101
-146
-162
-113
-194
-160
-67
-73
-149
-92
-76
-109
-147
-126
-121
-82
-170
-134
-62
-165
-76
-58
-113
-156
-25
-84
-37
-96
-124
-80
-171
-115
-111
-21
-153
-57
-109
-188
-91
-214
-109
-70
-123
-76
-54
-146
-75
-121
-151
-70
-131
-135
-122
-126
-14
-169
-81
-59
-96
-78
-107
-160
-76
-134
-85
-123
-32
-126
-36
-81
-97
-73
-128
-105
-93
-116
-130
-74
-152
-98
-64
-63
-26
-125
-130
-86
-169
-65
-80
-148
-152
-127
-167
-88
-91
-104
-69
-111
-91
-157
-160
-90
-88
-100
-106
-73
-124
-155
-184
-69
-74
-117
-67
-179
-140
-132
-92
-78
-137
-85
-48
-71
-99
-80
-96
-85
-149
-103
-152
-110
-156
-111
-123
-86
-157
-137
-145
-101
-85
-77
-145
-145
-31
-170
-178
-71
-70
-141
-122
-76
-104
-103
-62
-31
-128
-102
-99
-51
-97
-80
-83
-120
-107
-84
-114
-63
-174
-165
-76
-79
-105
-119
-123
-109
-142
-112
-101
-110
-110
-130
-85
-109
-157
-112
-154
-56
-159
-36
-104
-75
-106
-147
-98
-78
-129
-88
-70
-134
-140
-91
-114
-89
-160
-112
-135
-114
-171
-157
-78
-117
-142
-88
-137
-123
-106
-102
-115
-77
-55
-29
-89
-128
-138
-109
-93
-69
-124
-133
-82
-118
-138
-69
-94
-120
-82
-154
-167
-158
-195
-76
-165
-131
-17
-102
-69
-177
-75
-29
-116
-77
-118
-126
-59
-117
-98
-157
-122
-93
-126
-29
-61
-170
-114
-125
-162
-81
-178
-22
-81
-151
-115
-134
-45
-153
-146
-161
-202
-70
-101
-90
-130
-74
-147
-58
-92
-88
-27
-73
-111
-72
-66
-160
-187
-96
-34
-94
-125
-133
-75
-176
-123
-112
-176
-13
-135
-88
-84
-121
-76
-172
-89
-191
-82
-78
-84
-159
-71
-165
-107
-155
-172
-91
-110
-127
-75
-86
-178
-156
-137
-137
-148
-72
-122
-107
-65
-140
-80
-95
-86
-45
-137
-66
-82
-102
-109
-158
-46
-99
-72
-137
-126
-78
-130
-121
-170
-175
-40
-128
-61
-142
-76
-90
-75
-135
-92
-100
-150
-75
-30
-164
-41
-150
-144
-32
-146
-128
-99
-74
-72
-108
-135
-111
-105
-85
-60
-121
-96
-186
-133
-148
-112
-85
-143
-69
-74
-70
-188
-94
-52
-88
-111
-58
-103
-97
-73
-113
-153
-92
-46
-69
-64
-100
-128
-119
-74
-125
-89
-167
-159
-122
-77
-104
-89
-97
-164
-85
-130
-113
-78
-119
-137
-74
-89
-100
-79
-105
-188
-97
-107
-25
-79
-97
-84
-95
-119
-94
-127
-133
-86
-137
-107
-59
-124
-76
-88
-141
-45
-106
-78
-72
-110
-71
-86
-95
-165
-138
-167
-143
-87
-165
-183
-169
-118
-76
-92
-56
-111
-84
-107
-23
-73
-144
-65
-21
-103
-64
-123
-125
-93
-154
-145
-105
-131
-88
-101
-77
-102
-161
-166
-67
-156
-113
-113
-59
-75
-139
-135
-111
-117
-68
-126
-102
-33
-116
-143
-133
-124
-141
-142
-131
-51
-147
-116
-72
-100
-14
-68
-107
-130
-122
-65
-112
-32
-94
-85
-166
-177
-127
-136
-95
-152
-78
-123
-105
-155
-72
-138
-128
-132
-105
-46
-98
-135
-192
-108
-104
-85
-109
-92
-58
-120
-151
-61
-130
-86
-25
-123
-27
-35
-121
-74
-74
-148
-79
-82
-124
-132
-75
-77
-96
-59
-113
-129
-116
-144
-114
-103
-69
-35
-176
-148
-93
-106
-162
-137
-132
-47
-64
-36
-75
-35
-68
-192
-55
-65
-62
-83
-82
-50
-106
-168
-80
-83
-92
-75
-150
-122
-79
-115
-52
-192
-137
-89
-17
-127
-80
-137
-71
-55
-105
-73
-84
-29
-65
-93
-102
-100
-100
-71
-80
-111
-55
-114
-137
-145
-69
-89
-145
-53
-78
-31
-134
-97
-152
-71
-77
-62
-62
-15
-79
-123
-81
-187
-130
-107
-98
-124
-109
-166
-64
-98
-63
-167
-159
-84
-149
-181
-84
-74
-150
-102
-4
-80
-74
-125
-135
-159
-156
-72
-92
-186
-163
-107
-144
-172
-90
-112
-142
-137
-27
-116
-140
-149
-85
-89
-100
-36
-89
-140
-171
-91
-76
-156
-131
-95
-102
-78
-112
-67
-152
-136
-24
-178
-178
-71
-76
-78
-165
-17
-112
-191
-162
-156
-69
-103
-93
-103
-20
-75
-23
-104
-91
-37
-177
-84
-112
-92
-113
-185
-120
-29
-136
-47
-79
-131
-102
-85
-24
-208
-93
-62
-114
-76
-127
-78
-154
-143
-109
-107
-151
-68
-120
-8
-44
-168
-132
-137
-76
-124
-136
-110
-103
-144
-67
-60
-56
-40
-89
-155
-144
-31
-33
-114
-123
-99
-90
-99
-130
-96
-139
-110
-169
-137
-81
-58
-98
-115
-115
-105
-85
-137
-92
-118
-68
-70
-160
-113
-177
-73
-158
-100
-81
-69
-173
-104
-31
-147
-75
-93
-171
-81
-180
-152
-87
-75
-53
-66
-83
-100
-38
-127
-132
-110
-32
-97
-78
-132
-115
-75
-180
-67
-94
-106
-106
-85
-128
-94
-36
-67
-26
-79
-145
-114
-165
-158
-112
-27
-143
-171
-138
-143
-78
-65
-56
-126
-124
-121
-155
-140
-55
-76
-126
-159
-21
-137
-139
-73
-138
-134
-60
-71
-128
-71
-88
-95
-99
-193
-93
-139
-113
-111
-91
-139
-80
-56
-53
-156
-52
-46
-62
-121
-152
-91
-32
-116
-142
-101
-103
-198
-97
-146
-75
-111
-125
-119
-109
-82
-137
-140
-66
-62
-86
-97
-53
-98
-180
-139
-74
-107
-108
-129
-76
-216
-89
-113
-109
-207
-154
-121
-151
-76
-75
-170
-109
-180
-83
-105
-161
-121
-155
-114
-147
-33
-145
-142
-95
-78
-105
-117
-62
-51
-150
-143
-51
-98
-110
-31
-73
-115
-123
-85
-172
-92
-32
-98
-55
-58
-16
-176
-124
-197
-75
-144
-111
-87
-78
-125
-81
-134
-67
-93
-127
-158
-73
-103
-68
-72
-51
-105
-108
-44
-128
-101
-85
-42
-111
-206
-12
-131
-155
-115
-124
-146
-7
-168
-55
-104
-200
-113
-74
-142
-89
-24
-160
-71
-166
-74
-61
-122
-13
-127
-120
-126
-136
-22
-126
-99
-134
-113
-124
-78
-104
-150
-75
-153
-69
-149
-149
-97
-139
-48
-156
-107
-144
-65
-108
-93
-88
-153
-125
-70
-83
-134
-119
-81
-111
-113
-163
-76
-107
-79
-183
-118
-110
-118
-195
-108
-85
-69
-94
-113
-116
-107
-181
-99
-17
-77
-144
-80
-77
-81
-110
-204
-132
-92
-134
-134
-119
-154
-81
-85
-123
-184
-127
-8
-73
-140
-166
-79
-47
-80
-159
-129
-101
-188
-146
-24
-73
-137
-90
-35
-120
-127
-75
-116
-129
-76
-74
-122
-121
-77
-125
-86
-59
-119
-47
-190
-120
-134
-179
-126
-13
-27
-121
-153
-96
-203
-172
-34
-84
-143
-68
-169
-107
-60
-144
-174
-104
-104
-68
-94
-89
-132
-166
-195
-76
-83
-65
-96
-55
-161
-75
-102
-131
-162
-123
-84
-72
-77
-136
-143
-97
-104
-57
-104
-122
-71
-43
-102
-80
-82
-116
-115
-111
-98
-140
-125
-56
-152
-51
-88
-83
-46
-159
-123
-55
-82
-78
-91
-104
-97
-86
-51
-71
-167
-42
-64
-43
-151
-118
-131
-38
-108
-126
-123
-135
-62
-91
-115
-124
-159
-147
-174
-69
-170
-200
-48
-91
-16
-132
-100
-53
-168
-123
-117
-76
-161
-130
-82
-31
-81
-108
-151
-134
-94
-79
-62
-71
-81
-158
-89
-64
-72
-157
-116
-149
-161
-135
-83
-139
-138
-143
-141
-71
-76
-75
-85
-179
-50
-60
-91
-132
-124
-88
-101
-78
-161
-160
-105
-150
-76
-211
-17
-93
-77
-90
-94
-108
-143
-85
-124
-153
-86
-114
-84
-83
-143
-82
-108
-17
-76
-183
-192
-76
-132
-40
-22
-103
-102
-112
-92
-43
-39
-104
-110
-128
-150
-106
-145
-85
-57
-109
-75
-94
-128
-88
-76
-173
-36
-126
-80
-154
-39
-136
-100
-146
-55
-107
-145
-153
-54
-17
-117
-128
-92
-92
-78
-142
-90
-82
-93
-75
-112
-108
-147
-80
-54
-179
-16
-93
-30
-110
-178
-102
-160
-91
-158
-158
-116
-136
-41
-128
-134
-169
-158
-100
-119
-174
-107
-46
-81
-109
-136
-129
-103
-154
-90
-24
-121
-53
-28
-108
-81
-44
-96
-157
-94
-7
-113
-89
-23
-120
-90
-98
-115
-103
-123
-100
-78
-77
-93
-84
-95
-83
-60
-169
-125
-234
-81
-71
-122
-111
-132
-127
-79
-111
-101
-152
-24
-92
-188
-79
-81
-90
-154
-189
-31
-112
-181
-182
-96
-156
-9
-7
-148
-123
-71
-173
-76
-32
-130
-11
-117
-107
-137
-130
-52
-91
-120
-88
-97
-151
-113
-83
-44
-124
-121
-129
-10
-95
-122
-132
-146
-160
-73
-135
-81
-89
-70
-101
-86
-83
-182
-37
-29
-74
-157
-135
-116
-10
-113
-105
-79
-130
-107
-88
-87
-159
-7
-95
-163
-70
-102
-73
-62
-75
-69
-91
-171
-47
-130
-70
-89
-70
-81
-112
-81
-69
-118
-159
-73
-131
-124
-91
-161
-86
-158
-139
-172
-115
-95
-83
-81
-207
-34
-85
-122
-77
-35
-97
-77
-116
-104
-94
-127
-123
-107
-140
-74
-138
-103
-86
-106
-112
-116
-129
-97
-124
-71
-102
-74
-117
-34
-157
-124
-124
-121
-40
-40
-68
-98
-169
-165
-79
-102
-131
-72
-123
-76
-82
-100
-171
-72
-78
-80
-80
-62
-90
-175
-135
-123
-171
-82
-98
-37
-94
-15
-99
-98
-139
-84
-97
-80
-50
-66
-91
-46
-90
-76
-100
-71
-227
-19
-134
-92
-81
-129
-133
-102
-97
-111
-174
-76
-109
-120
-156
-64
-71
-33
-82
-98
-86
-98
-82
-93
-156
-112
-74
-165
-74
-134
-118
-131
-118
-43
-64
-143
-120
-81
-37
-29
-75
-129
-129
-122
-76
-81
-127
-85
-148
-179
-73
-126
-87
-184
-163
-49
-71
-35
-101
-91
-73
-30
-46
-31
-150
-43
-110
-60
-100
-78
-116
-97
-80
-125
-114
-67
-144
-108
-94
-105
-142
-124
-45
-104
-90
-76
-93
-106
-78
-78
-99
-75
-52
-99
-75
-122
-42
-118
-149
-126
-129
-108
-79
-103
-81
-128
-171
-79
-153
-158
-87
-36
-108
-145
-157
-54
-180
-94
-81
-63
-136
-105
-79
-127
-101
-92
-140
-128
-117
-136
-187
-91
-86
-75
-110
-8
-144
-79
-93
-79
-66
-47
-102
-15
-79
-122
-51
-116
-122
-27
-110
-106
-83
-88
-82
-62
-113
-112
-95
-138
-79
-87
-119
-54
-132
-91
-103
-86
-68
-12
-67
-142
-73
-147
-120
-95
-144
-125
-80
-69
-100
-106
-71
-121
-88
-91
-104
-84
-19
-93
-143
-41
-38
-120
-105
-168
-66
-153
-84
-54
-84
-218
-139
-164
-183
-76
-101
-155
-121
-174
-59
-125
-141
-118
-125
-137
-115
-120
-145
-125
-77
-105
-94
-106
-84
-131
-116
-155
-101
-35
-73
-151
-37
-57
-156
-171
-123
-118
-142
-147
-125
-113
-62
-136
-36
-128
-54
-27
-162
-118
-77
-76
-162
-129
-190
-155
-98
-116
-74
-111
-135
-129
-114
-151
-132
-160
-122
-107
-112
-88
-66
-126
-141
-67
-146
-76
-96
-100
-102
-138
-117
-87
-172
-20
-93
-122
-152
-198
-81
-50
-124
-103
-112
-126
-99
-89
-102
-96
-81
-114
-80
-75
-179
-101
-151
-78
-131
-201
-110
-173
-179
-145
-107
-163
-111
-144
-17
-67
-173
-140
-91
-132
-96
-63
-124
-186
-142
-83
-94
-102
-127
-99
-198
-162
-99
-143
-36
-85
-70
-90
-164
-109
-76
-130
-86
-103
-48
-128
-123
-132
-80
-92
-153
-100
-42
-195
-79
-78
-143
-64
-109
-7
-75
-88
-145
-90
-122
-28
-33
-41
-75
-146
-157
-76
-127
-67
-193
-75
-205
-135
-130
-77
-138
-99
-86
-79
-121
-108
-59
-79
-77
-116
-70
-89
-52
-158
-70
-86
-42
-126
-183
-157
-132
-66
-20
-97
-103
-102
-97
-101
-120
-91
-117
-163
-122
-71
-75
-104
-109
-114
-105
-107
-82
-123
-80
-118
-139
-143
-104
-165
-25
-79
-89
-164
-105
-94
-73
-78
-43
-116
-143
-162
-136
-189
-75
-111
-85
-98
-82
-44
-82
-189
-74
-107
-72
-156
-78
-82
-131
-83
-130
-154
-89
-83
-105
-79
-63
-25
-96
-164
-79
-75
-45
-76
-84
-89
-130
-103
-117
-160
-128
-45
-104
-91
-157
-80
-59
-87
-149
-134
-120
-180
-107
-74
-87
-75
-88
-148
-174
-93
-28
-96
-75
-79
-140
-136
-149
-74
-157
-155
-74
-124
-69
-79
-117
-157
-117
-137
-78
-164
-81
-90
-133
-79
-57
-35
-163
-79
-136
-107
-125
-95
-122
-75
-23
-89
-150
-137
-168
-110
-89
-136
-165
-158
-133
-129
-90
-107
-130
-168
-178
-60
-94
-177
-113
-108
-116
-184
-123
-73
-157
-28
-141
-106
-88
-152
-69
-111
-133
-64
-45
-165
-99
-55
-136
-59
-85
-90
-99
-37
-40
-115
-67
-150
-37
-90
-97
-33
-130
-162
-38
-91
-130
-100
-137
-118
-146
-54
-156
-139
-86
-61
-132
-143
-40
-106
-146
-76
-67
-173
-127
-80
-108
-79
-92
-171
-64
-105
-171
-34
-144
-129
-65
-77
-42
-131
-162
-114
-147
-116
-128
-12
-119
-96
-84
-178
-71
-10
-73
-143
-139
-127
-128
-77
-154
-80
-133
-23
-102
-128
-139
-74
-130
-149
-56
-103
-63
-53
-135
-130
-120
-132
-150
-62
-76
-118
-216
-126
-84
-92
-41
-52
-140
-170
-142
-173
-155
-112
-122
-35
-82
-79
-106
-148
-192
-153
-86
-60
-24
-87
-145
-118
-95
-161
-86
-124
-126
-66
-98
-96
-121
-79
-7
-190
-122
-199
-142
-161
-109
-79
-83
-104
-179
-125
-162
-161
-75
-141
-44
-115
-143
-136
-53
-93
-134
-140
-52
-118
-52
-107
-130
-166
-115
-151
-93
-84
-95
-129
-72
-101
-216
-145
-109
-94
-122
-153
-40
-92
-73
-110
-98
-66
-62
-77
-119
-195
-106
-84
-135
-121
-66
-66
-11
-131
-80
-54
-147
-139
-60
-115
-136
-115
-127
-84
-50
-71
-111
-30
-115
-110
-78
-154
-83
-92
-95
-25
-95
-64
-194
-168
-137
-66
-96
-83
-44
-160
-81
-37
-109
-124
-80
-90
-169
-41
-114
-59
-155
-139
-136
-91
-35
-147
-77
-83
-119
-89
-170
-68
-150
-77
-175
-52
-98
-115
-113
-120
-116
-130
-125
-79
-81
-146
-104
-106
-117
-104
-88
-69
-97
-78
-89
-70
-116
-195
-95
-91
-72
-128
-190
-36
-83
-168
-146
-147
-140
-82
-80
-160
-43
-135
-126
-186
-66
-79
-110
-108
-22
-79
-87
-81
-155
-7
-42
-74
-153
-115
-122
-101
-88
-150
-81
-121
-191
-24
-109
-59
-86
-148
-86
-119
-96
-101
-55
-46
-141
-136
-197
-150
-184
-75
-79
-209
-39
-82
-178
-125
-113
-175
-129
-117
-76
-93
-113
-182
-132
-92
-58
-38
-85
-80
-50
-71
-111
-21
-70
-102
-116
-51
-151
-92
-96
-182
-67
-201
-85
-141
-144
-3
-80
-116
-122
-65
-89
-86
-72
-73
-70
-78
-79
-72
-61
-72
-132
-29
-16
-136
-70
-70
-113
-101
-48
-141
-130
-159
-167
-110
-96
-134
-120
-119
-144
-130
-110
-18
-63
-85
-24
-30
-146
-115
-94
-77
-190
-95
-83
-105
-123
-140
-85
-124
-164
-228
-71
-107
-89
-75
-94
-67
-91
-130
-161
-125
-135
-89
-133
-90
-100
-80
-117
-140
-105
-120
-121
-123
-22
-115
-89
-96
-55
-176
-104
-104
-85
-27
-130
-107
-159
-105
-22
-93
-115
-177
-151
-169
-74
-95
-77
-121
-75
-161
-188
-140
-97
-155
-122
-154
-90
-98
-42
-77
-134
-161
-119
-83
-101
-106
-107
-164
-133
-62
-32
-102
-130
-70
-111
-131
-78
-178
-80
-95
-76
-155
-180
-211
-54
-122
-131
-128
-96
-72
-165
-173
-86
-94
-151
-112
-140
-164
-111
-80
-158
-134
-109
-29
-81
-107
-106
-121
-127
-139
-23
-102
-96
-88
-125
-96
-80
-70
-90
-73
-72
-92
-172
-74
-142
-197
-88
-104
-106
-89
-31
-115
-124
-101
-92
-121
-102
-129
-83
-214
-94
-146
-130
-37
-180
-119
-84
-40
-83
-85
-93
-152
-72
-108
-178
-128
-173
-116
-29
-114
-88
-133
-136
-73
-161
-96
-74
-163
-115
-155
-85
-25
-138
-54
-132
-90
-54
-117
-95
-70
-37
-49
-143
-109
-61
-94
-83
-112
-82
-154
-20
-157
-126
-61
-119
-73
-102
-111
-116
-172
-105
-76
-152
-79
-102
-17
-63
-51
-119
-21
-67
-176
-185
-116
-56
-159
-78
-12
-62
-119
-59
-77
-104
-113
-68
-88
-137
-156
-149
-80
-104
-76
-116
-138
-20
-90
-131
-115
-95
-154
-133
-74
-220
-70
-148
-193
-168
-75
-143
-159
-77
-79
-97
-82
-82
-68
-79
-89
-149
-151
-173
-123
-128
-36
-113
-109
-142
-68
-27
-179
-92
-50
-85
-179
-166
-159
-201
-114
-103
-31
-92
-80
-87
-118
-134
-78
-156
-115
-166
-136
-64
-84
-140
-65
-103
-88
-67
-96
-94
-59
-86
-8
-129
-72
-154
-172
-146
-58
-100
-20
-143
-147
-79
-144
-75
-104
-96
-96
-166
-96
-107
-80
-113
-176
-80
-158
-90
-211
-164
-47
-68
-138
-77
-80
-42
-131
-91
-70
-133
-57
-88
-62
-99
-118
-131
-95
-148
-126
-60
-74
-115
-123
-73
-135
-132
-112
-182
-138
-62
-71
-76
-97
-165
-117
-85
-185
-68
-85
-160
-124
-76
-110
-160
-147
-115
-56
-81
-107
-98
-115
-15
-166
-72
-154
-72
-101
-81
-46
-115
-76
-110
-137
-81
-106
-125
-154
-47
-141
-179
-74
-135
-161
-58
-123
-131
-108
-165
-127
-66
-33
-129
-132
-138
-91
-97
-126
-60
-87
-111
-55
-122
-174
-69
-58
-103
-154
-131
-65
-112
-145
-132
-85
-52
-145
-95
-59
-190
-9
-45
-22
-152
-97
-126
-101
-112
-136
-77
-25
-142
-142
-126
-153
-113
-137
-185
-53
-161
-132
-75
-191
-119
-92
-161
-47
-73
-86
-62
-103
-81
-34
-21
-117
-88
-131
-74
-96
-88
-104
-112
-23
-137
-43
-7
-93
-176
-92
-106
-69
-114
-160
-159
-110
-100
-98
-127
-88
-131
-71
-73
-117
-160
-97
-72
-96
-124
-127
-178
-124
-111
-118
-136
-36
-71
-95
-161
-94
-86
-100
-11
-82
-138
-146
-96
-155
-19
-130
-121
-30
-101
-157
-57
-123
-98
-54
-174
-99
-170
-72
-119
-138
-99
-112
-91
-115
-136
-100
-117
-45
-83
-98
-139
-210
-137
-102
-52
-108
-38
-110
-116
-97
-63
-152
-140
-143
-106
-90
-47
-163
-119
-138
-151
-92
-90
-86
-161
-94
-138
-78
-70
-105
-136
-42
-74
-205
-230
-113
-93
-43
-133
-86
-70
-123
-128
-69
-47
-118
-94
-73
-141
-98
-151
-145
-111
-61
-115
-99
-132
-78
-110
-131
-34
-163
-153
-67
-79
-132
-72
-78
-73
-119
-85
-139
-73
-133
-112
-104
-55
-169
-118
-137
-104
-60
-23
-151
-115
-119
-104
-109
-133
-95
-91
-34
-73
-102
-165
-137
-119
-90
-140
-115
-79
-145
-112
-81
-56
-121
-141
-127
-99
-64
-159
-78
-120
-95
-72
-38
-127
-139
-126
-125
-137
-126
-30
-165
-57
-123
-68
-138
-83
-190
-100
-105
-98
-98
-83
-118
-96
-77
-70
-105
-77
-58
-82
-77
-151
-174
-93
-100
-132
-106
-107
-184
-97
-78
-164
-117
-139
-21
-143
-28
-175
-99
-77
-114
-159
-104
-148
-140
-83
-88
-77
-118
-122
-77
-96
-110
-97
-141
-171
-126
-54
-114
-143
-128
-116
-82
-141
-102
-139
-110
-174
-92
-93
-130
-77
-90
-189
-154
-58
-133
-111
-102
-70
-164
-56
-78
-92
-71
-113
-139
-61
-145
-134
-113
-97
-115
-135
-182
-171
-130
-68
-86
-60
-97
-73
-87
-106
-108
-82
-78
-156
-122
-181
-56
-5
-74
-16
-98
-92
-41
-73
-170
-104
-63
-81
-189
-111
-139
-98
-149
-124
-131
-138
-87
-86
-145
-178
-138
-97
-17
-82
-132
-94
-96
-145
-75
-90
-123
-141
-110
-118
-120
-101
-93
-138
-67
-88
-130
-110
-125
-166
-104
-89
-161
-105
-90
-104
-137
-215
-79
-66
-78
-62
-73
-216
-183
-83
-73
-38
-170
-35
-161
-166
-112
-220
-181
-129
-108
-80
-78
-124
-79
-124
-10
-87
-101
-157
-124
-69
-138
-94
-157
-171
-37
-74
-104
-106
-90
-113
-76
-30
-47
-178
-148
-141
-137
-93
-82
-123
-145
-141
-87
-84
-131
-115
-115
-114
-134
-86
-23
-116
-92
-74
-132
-158
-147
-78
-132
-112
-104
-57
-78
-111
-166
-113
-127
-110
-122
-160
-109
-137
-178
-98
-172
-80
-180
-87
-46
-89
-10
-174
-146
-96
-84
-105
-132
-138
-96
-80
-129
-159
-77
-83
-73
-90
-162
-43
-83
-87
-157
-93
-135
-167
-105
-21
-71
-145
-111
-114
-114
-82
-75
-118
-183
-79
-153
-111
-48
-53
-63
-157
-142
-34
-112
-30
-125
-138
-138
-67
-60
-156
-177
-122
-96
-132
-98
-83
-95
-35
-84
-110
-140
-90
-176
-141
-60
-129
-175
-127
-180
-111
-146
-77
-171
-78
-107
-140
-90
-59
-126
-106
-147
-79
-22
-94
-128
-138
-61
-208
-97
-82
-73
-45
-73
-139
-170
-102
-52
-122
-20
-121
-88
-108
-170
-125
-194
-82
-34
-88
-145
-74
-152
-71
-111
-128
-121
-128
-101
-71
-114
-161
-84
-117
-162
-77
-79
-101
-150
-74
-148
-119
-19
-135
-161
-82
-79
-128
-93
-93
-139
-169
-191
-117
-72
-140
-129
-148
-162
-81
-116
-87
-85
-127
-160
-119
-73
-73
-119
-147
-115
-61
-129
-97
-19
-150
-70
-100
-69
-122
-92
-93
-72
-124
-161
-113
-86
-116
-123
-89
-102
-81
-109
-99
-86
-75
-53
-169
-132
-170
-132
-143
-65
-74
-74
-89
-110
-39
-70
-88
-156
-30
-129
-118
-124
-135
-22
-123
-107
-136
-106
-91
-155
-99
-163
-79
-121
-92
-122
-80
-79
-81
-45
-127
-115
-20
-153
-108
-143
-73
-74
-88
-193
-90
-79
-20
-88
-167
-54
-107
-77
-34
-152
-108
-105
-117
-121
-52
-127
-120
-112
-100
-20
-48
-170
-107
-105
-158
-83
-146
-148
-152
-77
-118
-168
-117
-133
-36
-15
-93
-186
-49
-82
-72
-143
-98
-116
-117
-85
-144
-109
-82
-83
-139
-18
-114
-107
-81
-86
-162
-146
-96
-70
-82
-39
-197
-119
-99
-107
-32
-79
-53
-207
-76
-124
-138
-176
-80
-81
-71
-128
-92
-149
-50
-130
-130
-102
-162
-119
-102
-160
-115
-181
-96
-123
-119
-117
-75
-100
-107
-93
-17
-159
-131
-66
-120
-101
-162
-36
-142
-52
-143
-93
-185
-102
-167
-169
-118
-118
-161
-150
-171
-71
-32
-116
-74
-43
-91
-72
-129
-144
-125
-98
-73
-102
-75
-37
-82
-145
-12
-111
-73
-105
-132
-86
-37
-108
-132
-20
-90
-87
-125
-121
-69
-127
-197
-65
-104
-58
-188
-155
-129
-74
-112
-127
-109
-95
-145
-77
-97
-180
-74
-103
-68
-127
-76
-130
-79
-123
-137
-24
-182
-82
-181
-74
-77
-89
-183
-14
-84
-134
-116
-57
-98
-102
-74
-86
-100
-89
-117
-78
-34
-41
-113
-138
-86
-100
-130
-75
-89
-214
-123
-135
-39
-132
-97
-153
-117
-35
-102
-97
-26
-87
-71
-163
-87
-104
-143
-75
-92
-97
-98
-69
-36
-110
-88
-69
-115
-67
-86
-96
-94
-98
-154
-71
-63
-134
-114
-85
-46
-115
-96
-148
-162
-78
-62
-135
-99
-184
-143
-46
-118
-155
-162
-150
-102
-141
-94
-135
-122
-36
-46
-80
-80
-74
-126
-80
-110
-139
-137
-81
-41
-213
-111
-68
-20
-112
-73
-135
-135
-105
-72
-80
-146
-59
-101
-184
-106
-86
-76
-128
-86
-109
-130
-120
-134
-80
-61
-70
-117
-168
-104
-132
-93
-77
-168
-13
-119
-120
-40
-118
-119
-133
-73
-57
-44
-96
-81
-166
-159
-98
-144
-85
-30
-75
-98
-66
-118
-138
-127
-88
-80
-97
-115
-91
-164
-133
-51
-40
-184
-155
-147
-155
-103
-103
-63
-64
-93
-130
-123
-140
-68
-150
-66
-69
-38
-170
-98
-76
-127
-34
-124
-139
-123
-110
-61
-135
-77
-138
-151
-122
-143
-142
-157
-107
-128
-103
-126
-47
-84
-37
-132
-82
-148
-96
-20
-107
-60
-108
-136
-161
-81
-117
-95
-127
-97
-133
-99
-146
-157
-93
-113
-145
-143
-83
-29
-126
-125
-56
-143
-168
-170
-161
-177
-70
-116
-68
-102
-102
-154
-109
-181
-76
-42
-97
-81
-130
-78
-69
-75
-184
-74
-149
-143
-120
-78
-96
-79
-156
-133
-104
-82
-113
-115
-82
-108
-74
-104
-107
-54
-42
-165
-43
-152
-119
-156
-129
-141
-86
-68
-145
-147
-171
-134
-74
-48
-154
-92
-94
-141
-122
-74
-126
-77
-125
-137
-75
-94
-132
-50
-75
-185
-41
-118
-59
-146
-108
-63
-125
-73
-178
-94
-24
-97
-149
-133
-151
-75
-112
-137
-99
-138
-124
-151
-106
-25
-189
-135
-76
-101
-140
-111
-102
-137
-70
-78
-165
-164
-113
-107
-21
-113
-136
-82
-167
-88
-121
-64
-52
-93
-17
-72
-93
-130
-79
-100
-109
-138
-73
-87
-77
-131
-218
-123
-25
-137
-177
-81
-96
-36
-111
-33
-145
-121
-65
-179
-36
-109
-105
-72
-111
-148
-116
-78
-69
-151
-56
-184
-67
-59
-115
-121
-94
-156
-97
-81
-74
-135
-192
-109
-77
-77
-120
-113
-90
-140
-83
-92
-93
-113
-117
-152
-68
-91
-101
-41
-123
-27
-84
-20
-194
-106
-120
-89
-89
-8
-162
-82
-155
-116
-113
-92
-97
-54
-127
-108
-166
-122
-75
-116
-87
-169
-122
-86
-155
-137
-22
-17
-188
-113
-80
-66
-132
-242
-135
-51
-86
-23
-20
-156
-117
-30
-84
-109
-156
-117
-86
-111
-38
-71
-105
-93
-47
-142
-146
-110
-76
-84
-92
-103
-108
-115
-140
-132
-74
-118
-166
-88
-81
-125
-109
-116
-118
-133
-91
-108
-122
-115
-77
-125
-142
-98
-104
-149
-84
-76
-147
-174
-67
-80
-34
-83
-109
-99
-77
-91
-135
-68
-107
-115
-31
-140
-121
-105
-136
-116
-147
-123
-120
-99
-52
-148
-33
-40
-109
-94
-96
-133
-126
-141
-77
-69
-73
-76
-111
-96
-137
-126
-81
-77
-132
-106
-171
-41
-139
-83
-109
-71
-76
-124
-101
-135
-122
-125
-83
-131
-147
-78
-168
-103
-132
-99
-127
-82
-31
-85
-88
-171
-108
-83
-77
-47
-133
-205
-138
-65
-163
-114
-75
-129
-43
-135
-104
-89
-131
-174
-56
-79
-118
-108
-74
-83
-123
-113
-80
-151
-94
-91
-115
-78
-129
-86
-74
-135
-95
-92
-175
-140
-126
-133
-79
-62
-142
-79
-130
-165
-127
-107
-105
-152
-101
-97
-91
-100
-56
-95
-25
-128
-106
-160
-35
-199
-44
-80
-104
-68
-38
-126
-122
-105
-108
-113
-82
-76
-118
-139
-122
-183
-145
-98
-70
-61
-79
-25
-104
-106
-146
-76
-179
-37
-40
-21
-62
-120
-152
-111
-76
-116
-132
-125
-47
-29
-224
-27
-3
-77
-84
-117
-23
-67
-105
-140
-55
-82
-145
-138
-81
-78
-96
-106
-96
-103
-81
-141
-136
-63
-128
-134
-20
-91
-124
-138
-159
-65
-78
-100
-93
-140
-80
-116
-89
-132
-109
-140
-79
-179
-74
-80
-116
-122
-98
-90
-105
-98
-111
-178
-89
-170
-165
-136
-135
-131
-137
-136
-22
-155
-87
-145
-149
-90
-138
-92
-132
-105
-95
-81
-87
-114
-117
-78
-159
-80
-169
-77
-118
-42
-84
-117
-116
-76
-102
-107
-114
-126
-95
-105
-132
-148
-149
-136
-150
-148
-104
-96
-80
-134
-122
-72
-110
-108
-133
-135
-154
-141
-131
-29
-156
-81
-94
-92
-157
-101
-137
-104
-44
-122
-89
-120
-52
-100
-161
-33
-117
-142
-87
-77
-137
-106
-127
-114
-103
-84
-126
-134
-163
-82
-78
-15
-83
-90
-50
-21
-91
-131
-186
-116
-80
-112
-164
-113
-65
-124
-131
-146
-75
-100
-95
-92
-99
-109
-75
-105
-45
-85
-86
-115
-69
-141
-116
-82
-89
-181
-80
-71
-84
-93
-74
-88
-101
-133
-98
-107
-81
-78
-101
-32
-83
-51
-126
-141
-148
-112
-89
-106
-108
-90
-113
-90
-76
-93
-43
-67
-152
-84
-63
-167
-68
-152
-39
-93
-120
-83
-103
-89
-39
-132
-63
-104
-77
-79
-49
-87
-75
-117
-133
-96
-125
-85
-131
-125
-107
-103
-97
-104
-128
-38
-75
-89
-184
-74
-127
-153
-113
-163
-94
-99
-80
-153
-107
-184
-192
-127
-151
-94
-103
-61
-158
-73
-184
-154
-25
-136
-116
-171
-84
-128
-89
-127
-92
-117
-149
-145
-141
-102
-108
-76
-61
-132
-113
-176
-78
-186
-83
-64
-98
-91
-100
-85
-36
-30
-121
-89
-113
-125
-108
-37
-130
-117
-59
-79
-84
-103
-75
-122
-86
-143
-177
-95
-139
-93
-197
-98
-145
-137
-20
-79
-72
-118
-93
-77
-138
-71
-144
-59
-180
-82
-141
-43
-181
-199
-102
-132
-147
-101
-73
-105
-160
-76
-134
-27
-88
-133
-70
-120
-219
-91
-113
-101
-124
-93
-122
-133
-82
-123
-137
-140
-159
-39
-163
-105
-145
-73
-120
-138
-92
-79
-99
-116
-96
-67
-72
-79
-41
-74
-176
-99
-94
-73
-108
-73
-156
-68
-139
-155
-61
-46
-64
-139
-196
-91
-136
-28
-100
-123
-128
-90
-91
-189
-146
-119
-114
-135
-79
-119
-81
-73
-111
-136
-103
-150
-103
-90
-121
-74
-71
-79
-133
-111
-99
-84
-180
-46
-158
-78
-90
-110
-41
-56
-50
-142
-141
-115
-113
-75
-132
-96
-135
-88
-58
-111
-173
-118
-157
-95
-198
-78
-158
-113
-141
-51
-120
-89
-72
-58
-107
-158
-64
-155
-134
-129
-72
-110
-32
-160
-74
-135
-129
-152
-78
-79
-129
-48
-125
-76
-122
-104
-132
-84
-83
-61
-147
-93
-172
-67
-115
-65
-108
-130
-67
-86
-129
-28
-143
-78
-11
-46
-100
-84
-76
-138
-71
-110
-133
-146
-84
-71
-139
-117
-209
-104
-100
-145
-105
-147
-125
-90
-142
-91
-66
-44
-148
-89
-165
-53
-158
-47
-141
-46
-116
-82
-105
-76
-68
-114
-85
-72
-145
-74
-187
-113
-129
-177
-173
-148
-171
-107
-103
-102
-139
-133
-80
-101
-99
-111
-132
-83
-144
-69
-134
-66
-146
-86
-103
-19
-140
-92
-121
-91
-124
-133
-187
-84
-120
-126
-119
-10
-136
-91
-136
-20
-107
-83
-175
-48
-78
-112
-178
-45
-176
-103
-107
-120
-98
-123
-135
-136
-85
-114
-78
-87
-136
-71
-80
-127
-84
-76
-156
-133
-78
-119
-128
-85
-122
-77
-99
-77
-17
-106
-79
-74
-120
-82
-125
-109
-110
-82
-96
-78
-171
-166
-76
-120
-130
-100
-144
-149
-91
-60
-99
-68
-57
-104
-119
-142
-110
-33
-170
-154
-85
-120
-89
-157
-72
-163
-27
-164
-83
-65
-113
-99
-113
-175
-168
-140
-95
-123
-31
-51
-148
-114
-132
-54
-126
-23
-87
-70
-29
-59
-89
-83
-50
-18
-84
-140
-79
-144
-68
-77
-156
-185
-145
-105
-149
-172
-105
-28
-134
-114
-71
-115
-35
-129
-115
-18
-108
-150
-67
-80
-132
-80
-108
-84
-179
-112
-82
-76
-135
-91
-149
-38
-130
-215
-68
-139
-149
-58
-148
-150
-92
-177
-137
-54
-121
-144
-130
-205
-93
-161
-112
-90
-133
-75
-95
-138
-90
-162
-95
-89
-80
-77
-120
-104
-99
-179
-111
-76
-69
-54
-97
-119
-76
-169
-149
-62
-11
-64
-113
-97
-132
-95
-175
-77
-154
-132
-110
-72
-90
-83
-80
-49
-6
-118
-56
-34
-98
-51
-21
-109
-168
-150
-49
-109
-72
-74
-122
-109
-118
-138
-48
-110
-11
-93
-106
-191
-74
-19
-74
-151
-66
-114
-117
-135
-22
-114
-113
-99
-68
-75
-111
